,states,year,quarter,district,registered_user_counts
0,andaman-&-nicobar-islands,2018,1,south andaman,5846
1,andaman-&-nicobar-islands,2018,1,north and middle andaman,632
2,andaman-&-nicobar-islands,2018,1,nicobars,262
3,andaman-&-nicobar-islands,2018,2,south andaman,8143
4,andaman-&-nicobar-islands,2018,2,north and middle andaman,911
5,andaman-&-nicobar-islands,2018,2,nicobars,351
6,andaman-&-nicobar-islands,2018,3,south andaman,10474
7,andaman-&-nicobar-islands,2018,3,north and middle andaman,1208
8,andaman-&-nicobar-islands,2018,3,nicobars,467
9,andaman-&-nicobar-islands,2018,4,south andaman,13133
10,andaman-&-nicobar-islands,2018,4,north and middle andaman,1553
11,andaman-&-nicobar-islands,2018,4,nicobars,536
12,andaman-&-nicobar-islands,2019,1,south andaman,15961
13,andaman-&-nicobar-islands,2019,1,north and middle andaman,2013
14,andaman-&-nicobar-islands,2019,1,nicobars,622
15,andaman-&-nicobar-islands,2019,2,south andaman,18621
16,andaman-&-nicobar-islands,2019,2,north and middle andaman,2417
17,andaman-&-nicobar-islands,2019,2,nicobars,693
18,andaman-&-nicobar-islands,2019,3,south andaman,20518
19,andaman-&-nicobar-islands,2019,3,north and middle andaman,2662
20,andaman-&-nicobar-islands,2019,3,nicobars,751
21,andaman-&-nicobar-islands,2019,4,south andaman,22202
22,andaman-&-nicobar-islands,2019,4,north and middle andaman,2955
23,andaman-&-nicobar-islands,2019,4,nicobars,803
24,andaman-&-nicobar-islands,2020,1,south andaman,24174
25,andaman-&-nicobar-islands,2020,1,north and middle andaman,3315
26,andaman-&-nicobar-islands,2020,1,nicobars,879
27,andaman-&-nicobar-islands,2020,2,south andaman,27626
28,andaman-&-nicobar-islands,2020,2,north and middle andaman,4100
29,andaman-&-nicobar-islands,2020,2,nicobars,984
30,andaman-&-nicobar-islands,2020,3,south andaman,34833
31,andaman-&-nicobar-islands,2020,3,north and middle andaman,5355
32,andaman-&-nicobar-islands,2020,3,nicobars,1147
33,andaman-&-nicobar-islands,2020,4,south andaman,43908
34,andaman-&-nicobar-islands,2020,4,north and middle andaman,7076
35,andaman-&-nicobar-islands,2020,4,nicobars,1412
36,andaman-&-nicobar-islands,2021,1,south andaman,48352
37,andaman-&-nicobar-islands,2021,1,north and middle andaman,7833
38,andaman-&-nicobar-islands,2021,1,nicobars,1573
39,andaman-&-nicobar-islands,2021,2,south andaman,51903
40,andaman-&-nicobar-islands,2021,2,north and middle andaman,8493
41,andaman-&-nicobar-islands,2021,2,nicobars,1699
42,andaman-&-nicobar-islands,2021,3,south andaman,55873
43,andaman-&-nicobar-islands,2021,3,north and middle andaman,9263
44,andaman-&-nicobar-islands,2021,3,nicobars,1846
45,andaman-&-nicobar-islands,2021,4,south andaman,59807
46,andaman-&-nicobar-islands,2021,4,north and middle andaman,10002
47,andaman-&-nicobar-islands,2021,4,nicobars,1971
48,andaman-&-nicobar-islands,2022,1,south andaman,63487
49,andaman-&-nicobar-islands,2022,1,north and middle andaman,10720
50,andaman-&-nicobar-islands,2022,1,nicobars,2081
51,andaman-&-nicobar-islands,2022,2,south andaman,66959
52,andaman-&-nicobar-islands,2022,2,north and middle andaman,11379
53,andaman-&-nicobar-islands,2022,2,nicobars,2192
54,andaman-&-nicobar-islands,2022,3,south andaman,70445
55,andaman-&-nicobar-islands,2022,3,north and middle andaman,11897
56,andaman-&-nicobar-islands,2022,3,nicobars,2300
57,andaman-&-nicobar-islands,2022,4,south andaman,73692
58,andaman-&-nicobar-islands,2022,4,north and middle andaman,12361
59,andaman-&-nicobar-islands,2022,4,nicobars,2389
60,andhra-pradesh,2018,1,visakhapatnam,497187
61,andhra-pradesh,2018,1,east godavari,350356
62,andhra-pradesh,2018,1,krishna,323673
63,andhra-pradesh,2018,1,guntur,317065
64,andhra-pradesh,2018,1,chittoor,309541
65,andhra-pradesh,2018,1,anantapur,241192
66,andhra-pradesh,2018,1,kurnool,240133
67,andhra-pradesh,2018,1,west godavari,213335
68,andhra-pradesh,2018,1,spsr nellore,194475
69,andhra-pradesh,2018,1,prakasam,189949
70,andhra-pradesh,2018,2,visakhapatnam,636052
71,andhra-pradesh,2018,2,east godavari,454398
72,andhra-pradesh,2018,2,krishna,431965
73,andhra-pradesh,2018,2,guntur,420326
74,andhra-pradesh,2018,2,chittoor,414306
75,andhra-pradesh,2018,2,anantapur,326383
76,andhra-pradesh,2018,2,kurnool,319313
77,andhra-pradesh,2018,2,west godavari,282393
78,andhra-pradesh,2018,2,spsr nellore,261049
79,andhra-pradesh,2018,2,prakasam,253458
80,andhra-pradesh,2018,3,visakhapatnam,769096
81,andhra-pradesh,2018,3,east godavari,558982
82,andhra-pradesh,2018,3,krishna,537086
83,andhra-pradesh,2018,3,guntur,518931
84,andhra-pradesh,2018,3,chittoor,515727
85,andhra-pradesh,2018,3,anantapur,405855
86,andhra-pradesh,2018,3,kurnool,394311
87,andhra-pradesh,2018,3,west godavari,349782
88,andhra-pradesh,2018,3,spsr nellore,322446
89,andhra-pradesh,2018,3,prakasam,314899
90,andhra-pradesh,2018,4,visakhapatnam,978288
91,andhra-pradesh,2018,4,east godavari,694455
92,andhra-pradesh,2018,4,krishna,682479
93,andhra-pradesh,2018,4,chittoor,665280
94,andhra-pradesh,2018,4,guntur,659552
95,andhra-pradesh,2018,4,anantapur,510892
96,andhra-pradesh,2018,4,kurnool,498582
97,andhra-pradesh,2018,4,west godavari,435668
98,andhra-pradesh,2018,4,spsr nellore,407495
99,andhra-pradesh,2018,4,prakasam,394962
100,andhra-pradesh,2019,1,visakhapatnam,1174517
101,andhra-pradesh,2019,1,east godavari,839277
102,andhra-pradesh,2019,1,krishna,833694
103,andhra-pradesh,2019,1,chittoor,812314
104,andhra-pradesh,2019,1,guntur,802394
105,andhra-pradesh,2019,1,anantapur,612162
106,andhra-pradesh,2019,1,kurnool,599422
107,andhra-pradesh,2019,1,west godavari,523372
108,andhra-pradesh,2019,1,spsr nellore,491908
109,andhra-pradesh,2019,1,prakasam,474260
110,andhra-pradesh,2019,2,visakhapatnam,1318740
111,andhra-pradesh,2019,2,krishna,952300
112,andhra-pradesh,2019,2,east godavari,945181
113,andhra-pradesh,2019,2,chittoor,925491
114,andhra-pradesh,2019,2,guntur,915256
115,andhra-pradesh,2019,2,anantapur,695114
116,andhra-pradesh,2019,2,kurnool,680118
117,andhra-pradesh,2019,2,west godavari,592185
118,andhra-pradesh,2019,2,spsr nellore,558303
119,andhra-pradesh,2019,2,prakasam,539462
120,andhra-pradesh,2019,3,visakhapatnam,1460464
121,andhra-pradesh,2019,3,krishna,1066546
122,andhra-pradesh,2019,3,east godavari,1057167
123,andhra-pradesh,2019,3,chittoor,1032733
124,andhra-pradesh,2019,3,guntur,1026418
125,andhra-pradesh,2019,3,anantapur,773656
126,andhra-pradesh,2019,3,kurnool,755024
127,andhra-pradesh,2019,3,west godavari,662102
128,andhra-pradesh,2019,3,spsr nellore,619592
129,andhra-pradesh,2019,3,prakasam,598568
130,andhra-pradesh,2019,4,visakhapatnam,1620235
131,andhra-pradesh,2019,4,krishna,1199971
132,andhra-pradesh,2019,4,east godavari,1195228
133,andhra-pradesh,2019,4,guntur,1158708
134,andhra-pradesh,2019,4,chittoor,1156351
135,andhra-pradesh,2019,4,anantapur,873033
136,andhra-pradesh,2019,4,kurnool,846885
137,andhra-pradesh,2019,4,west godavari,750078
138,andhra-pradesh,2019,4,spsr nellore,697154
139,andhra-pradesh,2019,4,prakasam,673522
140,andhra-pradesh,2020,1,visakhapatnam,1763581
141,andhra-pradesh,2020,1,krishna,1331602
142,andhra-pradesh,2020,1,east godavari,1329664
143,andhra-pradesh,2020,1,guntur,1289678
144,andhra-pradesh,2020,1,chittoor,1270907
145,andhra-pradesh,2020,1,anantapur,971850
146,andhra-pradesh,2020,1,kurnool,936293
147,andhra-pradesh,2020,1,west godavari,843835
148,andhra-pradesh,2020,1,spsr nellore,775440
149,andhra-pradesh,2020,1,prakasam,748655
150,andhra-pradesh,2020,2,visakhapatnam,1904719
151,andhra-pradesh,2020,2,east godavari,1459116
152,andhra-pradesh,2020,2,krishna,1459041
153,andhra-pradesh,2020,2,guntur,1426271
154,andhra-pradesh,2020,2,chittoor,1385916
155,andhra-pradesh,2020,2,anantapur,1076953
156,andhra-pradesh,2020,2,kurnool,1035093
157,andhra-pradesh,2020,2,west godavari,944829
158,andhra-pradesh,2020,2,spsr nellore,854459
159,andhra-pradesh,2020,2,prakasam,830709
160,andhra-pradesh,2020,3,visakhapatnam,2058346
161,andhra-pradesh,2020,3,east godavari,1601940
162,andhra-pradesh,2020,3,krishna,1599289
163,andhra-pradesh,2020,3,guntur,1567595
164,andhra-pradesh,2020,3,chittoor,1506503
165,andhra-pradesh,2020,3,anantapur,1186851
166,andhra-pradesh,2020,3,kurnool,1132240
167,andhra-pradesh,2020,3,west godavari,1053674
168,andhra-pradesh,2020,3,spsr nellore,937176
169,andhra-pradesh,2020,3,prakasam,915240
170,andhra-pradesh,2020,4,visakhapatnam,2209658
171,andhra-pradesh,2020,4,east godavari,1746280
172,andhra-pradesh,2020,4,krishna,1744028
173,andhra-pradesh,2020,4,guntur,1712940
174,andhra-pradesh,2020,4,chittoor,1631331
175,andhra-pradesh,2020,4,anantapur,1295872
176,andhra-pradesh,2020,4,kurnool,1230466
177,andhra-pradesh,2020,4,west godavari,1163179
178,andhra-pradesh,2020,4,spsr nellore,1022944
179,andhra-pradesh,2020,4,prakasam,999462
180,andhra-pradesh,2021,1,visakhapatnam,2368081
181,andhra-pradesh,2021,1,east godavari,1878769
182,andhra-pradesh,2021,1,krishna,1876458
183,andhra-pradesh,2021,1,guntur,1843237
184,andhra-pradesh,2021,1,chittoor,1751420
185,andhra-pradesh,2021,1,anantapur,1394849
186,andhra-pradesh,2021,1,kurnool,1323411
187,andhra-pradesh,2021,1,west godavari,1254117
188,andhra-pradesh,2021,1,spsr nellore,1100541
189,andhra-pradesh,2021,1,prakasam,1075936
190,andhra-pradesh,2021,2,visakhapatnam,2526830
191,andhra-pradesh,2021,2,east godavari,2006272
192,andhra-pradesh,2021,2,krishna,2002662
193,andhra-pradesh,2021,2,guntur,1968681
194,andhra-pradesh,2021,2,chittoor,1870723
195,andhra-pradesh,2021,2,anantapur,1492738
196,andhra-pradesh,2021,2,kurnool,1415585
197,andhra-pradesh,2021,2,west godavari,1339377
198,andhra-pradesh,2021,2,spsr nellore,1176334
199,andhra-pradesh,2021,2,prakasam,1151232
200,andhra-pradesh,2021,3,visakhapatnam,2707931
201,andhra-pradesh,2021,3,east godavari,2150622
202,andhra-pradesh,2021,3,krishna,2145423
203,andhra-pradesh,2021,3,guntur,2110878
204,andhra-pradesh,2021,3,chittoor,2007011
205,andhra-pradesh,2021,3,anantapur,1606735
206,andhra-pradesh,2021,3,kurnool,1522196
207,andhra-pradesh,2021,3,west godavari,1436576
208,andhra-pradesh,2021,3,spsr nellore,1263550
209,andhra-pradesh,2021,3,prakasam,1239147
210,andhra-pradesh,2021,4,visakhapatnam,2888774
211,andhra-pradesh,2021,4,east godavari,2294347
212,andhra-pradesh,2021,4,krishna,2288148
213,andhra-pradesh,2021,4,guntur,2252443
214,andhra-pradesh,2021,4,chittoor,2141818
215,andhra-pradesh,2021,4,anantapur,1719437
216,andhra-pradesh,2021,4,kurnool,1628242
217,andhra-pradesh,2021,4,west godavari,1532898
218,andhra-pradesh,2021,4,spsr nellore,1349290
219,andhra-pradesh,2021,4,prakasam,1325728
220,andhra-pradesh,2022,1,visakhapatnam,3061324
221,andhra-pradesh,2022,1,east godavari,2432305
222,andhra-pradesh,2022,1,krishna,2423373
223,andhra-pradesh,2022,1,guntur,2387051
224,andhra-pradesh,2022,1,chittoor,2270705
225,andhra-pradesh,2022,1,anantapur,1827094
226,andhra-pradesh,2022,1,kurnool,1729513
227,andhra-pradesh,2022,1,west godavari,1626039
228,andhra-pradesh,2022,1,spsr nellore,1431664
229,andhra-pradesh,2022,1,prakasam,1408929
230,andhra-pradesh,2022,2,visakhapatnam,3226029
231,andhra-pradesh,2022,2,east godavari,2564165
232,andhra-pradesh,2022,2,krishna,2552107
233,andhra-pradesh,2022,2,guntur,2514794
234,andhra-pradesh,2022,2,chittoor,2392549
235,andhra-pradesh,2022,2,anantapur,1928213
236,andhra-pradesh,2022,2,kurnool,1825280
237,andhra-pradesh,2022,2,west godavari,1714357
238,andhra-pradesh,2022,2,spsr nellore,1509927
239,andhra-pradesh,2022,2,prakasam,1487589
240,andhra-pradesh,2022,3,visakhapatnam,3397514
241,andhra-pradesh,2022,3,east godavari,2702234
242,andhra-pradesh,2022,3,krishna,2685215
243,andhra-pradesh,2022,3,guntur,2647100
244,andhra-pradesh,2022,3,chittoor,2517657
245,andhra-pradesh,2022,3,anantapur,2030824
246,andhra-pradesh,2022,3,kurnool,1924127
247,andhra-pradesh,2022,3,west godavari,1805967
248,andhra-pradesh,2022,3,spsr nellore,1588875
249,andhra-pradesh,2022,3,prakasam,1567520
250,andhra-pradesh,2022,4,visakhapatnam,3566854
251,andhra-pradesh,2022,4,east godavari,2835087
252,andhra-pradesh,2022,4,krishna,2813645
253,andhra-pradesh,2022,4,guntur,2774365
254,andhra-pradesh,2022,4,chittoor,2636036
255,andhra-pradesh,2022,4,anantapur,2128066
256,andhra-pradesh,2022,4,kurnool,2018290
257,andhra-pradesh,2022,4,west godavari,1893310
258,andhra-pradesh,2022,4,spsr nellore,1663684
259,andhra-pradesh,2022,4,prakasam,1642503
260,arunachal-pradesh,2018,1,papum pare,7649
261,arunachal-pradesh,2018,1,west kameng,2202
262,arunachal-pradesh,2018,1,east siang,1803
263,arunachal-pradesh,2018,1,tawang,1525
264,arunachal-pradesh,2018,1,changlang,1208
265,arunachal-pradesh,2018,1,lohit,1207
266,arunachal-pradesh,2018,1,west siang,846
267,arunachal-pradesh,2018,1,namsai,737
268,arunachal-pradesh,2018,1,lower dibang valley,601
269,arunachal-pradesh,2018,1,upper subansiri,572
270,arunachal-pradesh,2018,2,papum pare,11418
271,arunachal-pradesh,2018,2,west kameng,3442
272,arunachal-pradesh,2018,2,east siang,2646
273,arunachal-pradesh,2018,2,tawang,2266
274,arunachal-pradesh,2018,2,changlang,2014
275,arunachal-pradesh,2018,2,lohit,1898
276,arunachal-pradesh,2018,2,namsai,1276
277,arunachal-pradesh,2018,2,west siang,1224
278,arunachal-pradesh,2018,2,lower dibang valley,893
279,arunachal-pradesh,2018,2,upper subansiri,883
280,arunachal-pradesh,2018,3,papum pare,16009
281,arunachal-pradesh,2018,3,west kameng,4765
282,arunachal-pradesh,2018,3,east siang,3590
283,arunachal-pradesh,2018,3,tawang,3112
284,arunachal-pradesh,2018,3,changlang,2889
285,arunachal-pradesh,2018,3,lohit,2612
286,arunachal-pradesh,2018,3,namsai,1862
287,arunachal-pradesh,2018,3,west siang,1652
288,arunachal-pradesh,2018,3,lower dibang valley,1286
289,arunachal-pradesh,2018,3,tirap,1226
290,arunachal-pradesh,2018,4,papum pare,21342
291,arunachal-pradesh,2018,4,west kameng,6492
292,arunachal-pradesh,2018,4,east siang,4813
293,arunachal-pradesh,2018,4,tawang,4085
294,arunachal-pradesh,2018,4,changlang,4036
295,arunachal-pradesh,2018,4,lohit,3588
296,arunachal-pradesh,2018,4,namsai,2495
297,arunachal-pradesh,2018,4,west siang,2117
298,arunachal-pradesh,2018,4,lower dibang valley,1827
299,arunachal-pradesh,2018,4,tirap,1684
300,arunachal-pradesh,2019,1,papum pare,26298
301,arunachal-pradesh,2019,1,west kameng,8115
302,arunachal-pradesh,2019,1,east siang,5899
303,arunachal-pradesh,2019,1,changlang,5210
304,arunachal-pradesh,2019,1,tawang,5023
305,arunachal-pradesh,2019,1,lohit,4416
306,arunachal-pradesh,2019,1,namsai,3153
307,arunachal-pradesh,2019,1,west siang,2656
308,arunachal-pradesh,2019,1,lower dibang valley,2314
309,arunachal-pradesh,2019,1,tirap,2082
310,arunachal-pradesh,2019,2,papum pare,32800
311,arunachal-pradesh,2019,2,west kameng,9782
312,arunachal-pradesh,2019,2,east siang,7319
313,arunachal-pradesh,2019,2,changlang,6884
314,arunachal-pradesh,2019,2,tawang,5908
315,arunachal-pradesh,2019,2,lohit,5485
316,arunachal-pradesh,2019,2,namsai,3914
317,arunachal-pradesh,2019,2,west siang,3393
318,arunachal-pradesh,2019,2,lower dibang valley,2842
319,arunachal-pradesh,2019,2,tirap,2697
320,arunachal-pradesh,2019,3,papum pare,38845
321,arunachal-pradesh,2019,3,west kameng,11186
322,arunachal-pradesh,2019,3,east siang,8571
323,arunachal-pradesh,2019,3,changlang,8145
324,arunachal-pradesh,2019,3,tawang,6553
325,arunachal-pradesh,2019,3,lohit,6421
326,arunachal-pradesh,2019,3,namsai,4563
327,arunachal-pradesh,2019,3,west siang,4101
328,arunachal-pradesh,2019,3,lower dibang valley,3398
329,arunachal-pradesh,2019,3,tirap,3099
330,arunachal-pradesh,2019,4,papum pare,44746
331,arunachal-pradesh,2019,4,west kameng,12562
332,arunachal-pradesh,2019,4,east siang,9859
333,arunachal-pradesh,2019,4,changlang,9662
334,arunachal-pradesh,2019,4,lohit,7386
335,arunachal-pradesh,2019,4,tawang,7303
336,arunachal-pradesh,2019,4,namsai,5190
337,arunachal-pradesh,2019,4,west siang,4773
338,arunachal-pradesh,2019,4,lower dibang valley,3944
339,arunachal-pradesh,2019,4,tirap,3605
340,arunachal-pradesh,2020,1,papum pare,51342
341,arunachal-pradesh,2020,1,west kameng,13983
342,arunachal-pradesh,2020,1,east siang,11298
343,arunachal-pradesh,2020,1,changlang,11262
344,arunachal-pradesh,2020,1,lohit,8454
345,arunachal-pradesh,2020,1,tawang,8048
346,arunachal-pradesh,2020,1,namsai,6029
347,arunachal-pradesh,2020,1,west siang,5757
348,arunachal-pradesh,2020,1,lower dibang valley,4650
349,arunachal-pradesh,2020,1,lower subansiri,4351
350,arunachal-pradesh,2020,2,papum pare,59968
351,arunachal-pradesh,2020,2,west kameng,15766
352,arunachal-pradesh,2020,2,changlang,14036
353,arunachal-pradesh,2020,2,east siang,13601
354,arunachal-pradesh,2020,2,lohit,10154
355,arunachal-pradesh,2020,2,tawang,8993
356,arunachal-pradesh,2020,2,namsai,7426
357,arunachal-pradesh,2020,2,west siang,7239
358,arunachal-pradesh,2020,2,lower dibang valley,5782
359,arunachal-pradesh,2020,2,lower subansiri,5392
360,arunachal-pradesh,2020,3,papum pare,69419
361,arunachal-pradesh,2020,3,west kameng,17636
362,arunachal-pradesh,2020,3,changlang,16385
363,arunachal-pradesh,2020,3,east siang,15921
364,arunachal-pradesh,2020,3,lohit,11755
365,arunachal-pradesh,2020,3,tawang,9944
366,arunachal-pradesh,2020,3,west siang,8623
367,arunachal-pradesh,2020,3,namsai,8553
368,arunachal-pradesh,2020,3,lower dibang valley,6799
369,arunachal-pradesh,2020,3,lower subansiri,6456
370,arunachal-pradesh,2020,4,papum pare,77936
371,arunachal-pradesh,2020,4,west kameng,19464
372,arunachal-pradesh,2020,4,changlang,18203
373,arunachal-pradesh,2020,4,east siang,17822
374,arunachal-pradesh,2020,4,lohit,13126
375,arunachal-pradesh,2020,4,tawang,10909
376,arunachal-pradesh,2020,4,west siang,9911
377,arunachal-pradesh,2020,4,namsai,9437
378,arunachal-pradesh,2020,4,lower dibang valley,7693
379,arunachal-pradesh,2020,4,lower subansiri,7388
380,arunachal-pradesh,2021,1,papum pare,84715
381,arunachal-pradesh,2021,1,west kameng,21027
382,arunachal-pradesh,2021,1,changlang,19716
383,arunachal-pradesh,2021,1,east siang,19342
384,arunachal-pradesh,2021,1,lohit,14231
385,arunachal-pradesh,2021,1,tawang,11778
386,arunachal-pradesh,2021,1,west siang,10836
387,arunachal-pradesh,2021,1,namsai,10242
388,arunachal-pradesh,2021,1,lower dibang valley,8402
389,arunachal-pradesh,2021,1,lower subansiri,8044
390,arunachal-pradesh,2021,2,papum pare,90871
391,arunachal-pradesh,2021,2,west kameng,22625
392,arunachal-pradesh,2021,2,changlang,21404
393,arunachal-pradesh,2021,2,east siang,20817
394,arunachal-pradesh,2021,2,lohit,15360
395,arunachal-pradesh,2021,2,tawang,12636
396,arunachal-pradesh,2021,2,west siang,11657
397,arunachal-pradesh,2021,2,namsai,11111
398,arunachal-pradesh,2021,2,lower dibang valley,9094
399,arunachal-pradesh,2021,2,lower subansiri,8685
400,arunachal-pradesh,2021,3,papum pare,97854
401,arunachal-pradesh,2021,3,west kameng,24489
402,arunachal-pradesh,2021,3,changlang,23328
403,arunachal-pradesh,2021,3,east siang,22538
404,arunachal-pradesh,2021,3,lohit,16680
405,arunachal-pradesh,2021,3,tawang,13650
406,arunachal-pradesh,2021,3,west siang,12616
407,arunachal-pradesh,2021,3,namsai,12140
408,arunachal-pradesh,2021,3,lower dibang valley,9920
409,arunachal-pradesh,2021,3,lower subansiri,9451
410,arunachal-pradesh,2021,4,papum pare,104806
411,arunachal-pradesh,2021,4,west kameng,26237
412,arunachal-pradesh,2021,4,changlang,25155
413,arunachal-pradesh,2021,4,east siang,24208
414,arunachal-pradesh,2021,4,lohit,17980
415,arunachal-pradesh,2021,4,tawang,14665
416,arunachal-pradesh,2021,4,west siang,13555
417,arunachal-pradesh,2021,4,namsai,13092
418,arunachal-pradesh,2021,4,lower dibang valley,10679
419,arunachal-pradesh,2021,4,lower subansiri,10187
420,arunachal-pradesh,2022,1,papum pare,111271
421,arunachal-pradesh,2022,1,west kameng,27860
422,arunachal-pradesh,2022,1,changlang,26904
423,arunachal-pradesh,2022,1,east siang,25763
424,arunachal-pradesh,2022,1,lohit,19214
425,arunachal-pradesh,2022,1,tawang,15589
426,arunachal-pradesh,2022,1,west siang,14420
427,arunachal-pradesh,2022,1,namsai,14054
428,arunachal-pradesh,2022,1,lower dibang valley,11401
429,arunachal-pradesh,2022,1,lower subansiri,10854
430,arunachal-pradesh,2022,2,papum pare,117568
431,arunachal-pradesh,2022,2,west kameng,29424
432,arunachal-pradesh,2022,2,changlang,28495
433,arunachal-pradesh,2022,2,east siang,27240
434,arunachal-pradesh,2022,2,lohit,20325
435,arunachal-pradesh,2022,2,tawang,16475
436,arunachal-pradesh,2022,2,west siang,15231
437,arunachal-pradesh,2022,2,namsai,14887
438,arunachal-pradesh,2022,2,lower dibang valley,12040
439,arunachal-pradesh,2022,2,lower subansiri,11479
440,arunachal-pradesh,2022,3,papum pare,124095
441,arunachal-pradesh,2022,3,west kameng,30964
442,arunachal-pradesh,2022,3,changlang,29965
443,arunachal-pradesh,2022,3,east siang,28698
444,arunachal-pradesh,2022,3,lohit,21385
445,arunachal-pradesh,2022,3,tawang,17281
446,arunachal-pradesh,2022,3,west siang,16063
447,arunachal-pradesh,2022,3,namsai,15642
448,arunachal-pradesh,2022,3,lower dibang valley,12668
449,arunachal-pradesh,2022,3,lower subansiri,12085
450,arunachal-pradesh,2022,4,papum pare,130306
451,arunachal-pradesh,2022,4,west kameng,32237
452,arunachal-pradesh,2022,4,changlang,31196
453,arunachal-pradesh,2022,4,east siang,30033
454,arunachal-pradesh,2022,4,lohit,22359
455,arunachal-pradesh,2022,4,tawang,18003
456,arunachal-pradesh,2022,4,west siang,16816
457,arunachal-pradesh,2022,4,namsai,16322
458,arunachal-pradesh,2022,4,lower dibang valley,13188
459,arunachal-pradesh,2022,4,lower subansiri,12630
460,assam,2018,1,kamrup metropolitan,87336
461,assam,2018,1,dibrugarh,21182
462,assam,2018,1,barpeta,20485
463,assam,2018,1,nagaon,19619
464,assam,2018,1,cachar,19567
465,assam,2018,1,sonitpur,18986
466,assam,2018,1,jorhat,16442
467,assam,2018,1,tinsukia,15998
468,assam,2018,1,kamrup,15241
469,assam,2018,1,dhubri,11421
470,assam,2018,2,kamrup metropolitan,124720
471,assam,2018,2,dibrugarh,30527
472,assam,2018,2,barpeta,29882
473,assam,2018,2,nagaon,29412
474,assam,2018,2,cachar,29381
475,assam,2018,2,sonitpur,28409
476,assam,2018,2,tinsukia,23900
477,assam,2018,2,jorhat,23683
478,assam,2018,2,kamrup,23595
479,assam,2018,2,dhubri,16701
480,assam,2018,3,kamrup metropolitan,164101
481,assam,2018,3,barpeta,41158
482,assam,2018,3,cachar,40888
483,assam,2018,3,dibrugarh,40711
484,assam,2018,3,nagaon,40687
485,assam,2018,3,sonitpur,38797
486,assam,2018,3,kamrup,33197
487,assam,2018,3,tinsukia,32870
488,assam,2018,3,jorhat,32134
489,assam,2018,3,dhubri,22705
490,assam,2018,4,kamrup metropolitan,214212
491,assam,2018,4,barpeta,55068
492,assam,2018,4,nagaon,54395
493,assam,2018,4,cachar,53209
494,assam,2018,4,dibrugarh,52539
495,assam,2018,4,sonitpur,51420
496,assam,2018,4,kamrup,44868
497,assam,2018,4,tinsukia,42624
498,assam,2018,4,jorhat,41100
499,assam,2018,4,dhubri,30132
500,assam,2019,1,kamrup metropolitan,255112
501,assam,2019,1,barpeta,67729
502,assam,2019,1,nagaon,66306
503,assam,2019,1,cachar,64241
504,assam,2019,1,dibrugarh,62656
505,assam,2019,1,sonitpur,62218
506,assam,2019,1,kamrup,54910
507,assam,2019,1,tinsukia,51108
508,assam,2019,1,jorhat,48594
509,assam,2019,1,dhubri,36652
510,assam,2019,2,kamrup metropolitan,299219
511,assam,2019,2,barpeta,80544
512,assam,2019,2,nagaon,79322
513,assam,2019,2,cachar,76533
514,assam,2019,2,dibrugarh,74342
515,assam,2019,2,sonitpur,73717
516,assam,2019,2,kamrup,65883
517,assam,2019,2,tinsukia,60548
518,assam,2019,2,jorhat,56713
519,assam,2019,2,dhubri,43396
520,assam,2019,3,kamrup metropolitan,340588
521,assam,2019,3,nagaon,100993
522,assam,2019,3,barpeta,92001
523,assam,2019,3,cachar,88048
524,assam,2019,3,dibrugarh,84029
525,assam,2019,3,sonitpur,83930
526,assam,2019,3,kamrup,75174
527,assam,2019,3,tinsukia,68999
528,assam,2019,3,jorhat,63858
529,assam,2019,3,dhubri,48953
530,assam,2019,4,kamrup metropolitan,373761
531,assam,2019,4,nagaon,114296
532,assam,2019,4,barpeta,103248
533,assam,2019,4,cachar,98890
534,assam,2019,4,sonitpur,93662
535,assam,2019,4,dibrugarh,93614
536,assam,2019,4,kamrup,84609
537,assam,2019,4,tinsukia,76944
538,assam,2019,4,jorhat,70809
539,assam,2019,4,golaghat,54950
540,assam,2020,1,kamrup metropolitan,412013
541,assam,2020,1,nagaon,129371
542,assam,2020,1,barpeta,116286
543,assam,2020,1,cachar,111470
544,assam,2020,1,sonitpur,105050
545,assam,2020,1,dibrugarh,104663
546,assam,2020,1,kamrup,95973
547,assam,2020,1,tinsukia,86763
548,assam,2020,1,jorhat,78731
549,assam,2020,1,dhubri,62477
550,assam,2020,2,kamrup metropolitan,457023
551,assam,2020,2,nagaon,151932
552,assam,2020,2,barpeta,135525
553,assam,2020,2,cachar,129067
554,assam,2020,2,sonitpur,121435
555,assam,2020,2,dibrugarh,121028
556,assam,2020,2,kamrup,112992
557,assam,2020,2,tinsukia,101864
558,assam,2020,2,jorhat,90601
559,assam,2020,2,dhubri,76285
560,assam,2020,3,kamrup metropolitan,499403
561,assam,2020,3,nagaon,168903
562,assam,2020,3,barpeta,150166
563,assam,2020,3,cachar,143851
564,assam,2020,3,dibrugarh,134339
565,assam,2020,3,sonitpur,134006
566,assam,2020,3,kamrup,124944
567,assam,2020,3,tinsukia,113239
568,assam,2020,3,jorhat,99517
569,assam,2020,3,dhubri,84816
570,assam,2020,4,kamrup metropolitan,546458
571,assam,2020,4,nagaon,185101
572,assam,2020,4,barpeta,164341
573,assam,2020,4,cachar,158821
574,assam,2020,4,dibrugarh,147001
575,assam,2020,4,sonitpur,146796
576,assam,2020,4,kamrup,136799
577,assam,2020,4,tinsukia,124067
578,assam,2020,4,jorhat,108380
579,assam,2020,4,dhubri,93699
580,assam,2021,1,kamrup metropolitan,589688
581,assam,2021,1,nagaon,200243
582,assam,2021,1,barpeta,177789
583,assam,2021,1,cachar,172056
584,assam,2021,1,sonitpur,158555
585,assam,2021,1,dibrugarh,158509
586,assam,2021,1,kamrup,147671
587,assam,2021,1,tinsukia,134067
588,assam,2021,1,jorhat,116616
589,assam,2021,1,dhubri,101643
590,assam,2021,2,kamrup metropolitan,630676
591,assam,2021,2,nagaon,215750
592,assam,2021,2,barpeta,191700
593,assam,2021,2,cachar,185350
594,assam,2021,2,dibrugarh,170604
595,assam,2021,2,sonitpur,170519
596,assam,2021,2,kamrup,159018
597,assam,2021,2,tinsukia,144571
598,assam,2021,2,jorhat,125247
599,assam,2021,2,dhubri,109873
600,assam,2021,3,kamrup metropolitan,677223
601,assam,2021,3,nagaon,233909
602,assam,2021,3,barpeta,207997
603,assam,2021,3,cachar,200721
604,assam,2021,3,sonitpur,184448
605,assam,2021,3,dibrugarh,184280
606,assam,2021,3,kamrup,172652
607,assam,2021,3,tinsukia,156657
608,assam,2021,3,jorhat,135179
609,assam,2021,3,dhubri,119554
610,assam,2021,4,kamrup metropolitan,723960
611,assam,2021,4,nagaon,251340
612,assam,2021,4,barpeta,223375
613,assam,2021,4,cachar,215876
614,assam,2021,4,sonitpur,198091
615,assam,2021,4,dibrugarh,197521
616,assam,2021,4,kamrup,185421
617,assam,2021,4,tinsukia,168240
618,assam,2021,4,jorhat,145111
619,assam,2021,4,dhubri,128621
620,assam,2022,1,kamrup metropolitan,767859
621,assam,2022,1,nagaon,268636
622,assam,2022,1,barpeta,238871
623,assam,2022,1,cachar,230089
624,assam,2022,1,sonitpur,211236
625,assam,2022,1,dibrugarh,210525
626,assam,2022,1,kamrup,198189
627,assam,2022,1,tinsukia,179301
628,assam,2022,1,jorhat,154589
629,assam,2022,1,dhubri,137698
630,assam,2022,2,kamrup metropolitan,810057
631,assam,2022,2,nagaon,284558
632,assam,2022,2,barpeta,253194
633,assam,2022,2,cachar,243727
634,assam,2022,2,sonitpur,223514
635,assam,2022,2,dibrugarh,222494
636,assam,2022,2,kamrup,210048
637,assam,2022,2,tinsukia,189633
638,assam,2022,2,jorhat,163307
639,assam,2022,2,dhubri,146304
640,assam,2022,3,kamrup metropolitan,854019
641,assam,2022,3,nagaon,300653
642,assam,2022,3,barpeta,267667
643,assam,2022,3,cachar,257370
644,assam,2022,3,sonitpur,235752
645,assam,2022,3,dibrugarh,234149
646,assam,2022,3,kamrup,221721
647,assam,2022,3,tinsukia,199942
648,assam,2022,3,jorhat,171824
649,assam,2022,3,dhubri,154896
650,assam,2022,4,kamrup metropolitan,897245
651,assam,2022,4,nagaon,314901
652,assam,2022,4,barpeta,280479
653,assam,2022,4,cachar,269556
654,assam,2022,4,sonitpur,246327
655,assam,2022,4,dibrugarh,244755
656,assam,2022,4,kamrup,231849
657,assam,2022,4,tinsukia,209247
658,assam,2022,4,jorhat,179437
659,assam,2022,4,dhubri,162126
660,bihar,2018,1,patna,425009
661,bihar,2018,1,muzaffarpur,125298
662,bihar,2018,1,gaya,91015
663,bihar,2018,1,purbi champaran,87561
664,bihar,2018,1,samastipur,76068
665,bihar,2018,1,bhagalpur,76063
666,bihar,2018,1,nalanda,75201
667,bihar,2018,1,darbhanga,74414
668,bihar,2018,1,vaishali,67921
669,bihar,2018,1,pashchim champaran,67656
670,bihar,2018,2,patna,568657
671,bihar,2018,2,muzaffarpur,172315
672,bihar,2018,2,gaya,126422
673,bihar,2018,2,purbi champaran,125890
674,bihar,2018,2,samastipur,107143
675,bihar,2018,2,bhagalpur,106461
676,bihar,2018,2,darbhanga,105558
677,bihar,2018,2,nalanda,104076
678,bihar,2018,2,pashchim champaran,97301
679,bihar,2018,2,vaishali,96694
680,bihar,2018,3,patna,684421
681,bihar,2018,3,muzaffarpur,211519
682,bihar,2018,3,purbi champaran,162122
683,bihar,2018,3,gaya,160375
684,bihar,2018,3,samastipur,134680
685,bihar,2018,3,darbhanga,132803
686,bihar,2018,3,bhagalpur,131270
687,bihar,2018,3,nalanda,128472
688,bihar,2018,3,pashchim champaran,124955
689,bihar,2018,3,saran,123407
690,bihar,2018,4,patna,826399
691,bihar,2018,4,muzaffarpur,260789
692,bihar,2018,4,purbi champaran,206934
693,bihar,2018,4,gaya,203926
694,bihar,2018,4,samastipur,169774
695,bihar,2018,4,darbhanga,167302
696,bihar,2018,4,bhagalpur,164162
697,bihar,2018,4,saran,161486
698,bihar,2018,4,pashchim champaran,161063
699,bihar,2018,4,nalanda,160167
700,bihar,2019,1,patna,964432
701,bihar,2019,1,muzaffarpur,309416
702,bihar,2019,1,purbi champaran,252394
703,bihar,2019,1,gaya,245773
704,bihar,2019,1,samastipur,204544
705,bihar,2019,1,darbhanga,202521
706,bihar,2019,1,saran,197928
707,bihar,2019,1,pashchim champaran,197074
708,bihar,2019,1,bhagalpur,195057
709,bihar,2019,1,madhubani,195036
710,bihar,2019,2,patna,1076012
711,bihar,2019,2,muzaffarpur,353459
712,bihar,2019,2,purbi champaran,292711
713,bihar,2019,2,gaya,281107
714,bihar,2019,2,samastipur,234046
715,bihar,2019,2,darbhanga,232722
716,bihar,2019,2,saran,230068
717,bihar,2019,2,pashchim champaran,227901
718,bihar,2019,2,madhubani,226202
719,bihar,2019,2,bhagalpur,223725
720,bihar,2019,3,patna,1180262
721,bihar,2019,3,muzaffarpur,396343
722,bihar,2019,3,purbi champaran,330361
723,bihar,2019,3,gaya,315649
724,bihar,2019,3,samastipur,262875
725,bihar,2019,3,darbhanga,262421
726,bihar,2019,3,saran,260966
727,bihar,2019,3,pashchim champaran,256491
728,bihar,2019,3,madhubani,255761
729,bihar,2019,3,bhagalpur,249214
730,bihar,2019,4,patna,1289426
731,bihar,2019,4,muzaffarpur,445815
732,bihar,2019,4,purbi champaran,378861
733,bihar,2019,4,gaya,356225
734,bihar,2019,4,samastipur,297942
735,bihar,2019,4,saran,297022
736,bihar,2019,4,darbhanga,296008
737,bihar,2019,4,pashchim champaran,293867
738,bihar,2019,4,madhubani,291613
739,bihar,2019,4,bhagalpur,279580
740,bihar,2020,1,patna,1397342
741,bihar,2020,1,muzaffarpur,498548
742,bihar,2020,1,purbi champaran,431458
743,bihar,2020,1,gaya,398678
744,bihar,2020,1,saran,335039
745,bihar,2020,1,samastipur,334935
746,bihar,2020,1,pashchim champaran,334931
747,bihar,2020,1,darbhanga,332707
748,bihar,2020,1,madhubani,328630
749,bihar,2020,1,vaishali,312949
750,bihar,2020,2,patna,1506233
751,bihar,2020,2,muzaffarpur,558435
752,bihar,2020,2,purbi champaran,505364
753,bihar,2020,2,gaya,447895
754,bihar,2020,2,pashchim champaran,390547
755,bihar,2020,2,samastipur,381913
756,bihar,2020,2,saran,381281
757,bihar,2020,2,darbhanga,379555
758,bihar,2020,2,madhubani,379217
759,bihar,2020,2,bhagalpur,352316
760,bihar,2020,3,patna,1625305
761,bihar,2020,3,muzaffarpur,617383
762,bihar,2020,3,purbi champaran,570592
763,bihar,2020,3,gaya,493207
764,bihar,2020,3,pashchim champaran,435319
765,bihar,2020,3,madhubani,425154
766,bihar,2020,3,saran,424821
767,bihar,2020,3,samastipur,424696
768,bihar,2020,3,darbhanga,424611
769,bihar,2020,3,vaishali,391002
770,bihar,2020,4,patna,1752007
771,bihar,2020,4,muzaffarpur,673397
772,bihar,2020,4,purbi champaran,627214
773,bihar,2020,4,gaya,538319
774,bihar,2020,4,pashchim champaran,476717
775,bihar,2020,4,saran,467918
776,bihar,2020,4,madhubani,467849
777,bihar,2020,4,darbhanga,467317
778,bihar,2020,4,samastipur,466536
779,bihar,2020,4,bhagalpur,428157
780,bihar,2021,1,patna,1881439
781,bihar,2021,1,muzaffarpur,728384
782,bihar,2021,1,purbi champaran,681660
783,bihar,2021,1,gaya,581376
784,bihar,2021,1,pashchim champaran,517219
785,bihar,2021,1,saran,507177
786,bihar,2021,1,darbhanga,506381
787,bihar,2021,1,madhubani,506293
788,bihar,2021,1,samastipur,505806
789,bihar,2021,1,vaishali,463655
790,bihar,2021,2,patna,2010353
791,bihar,2021,2,muzaffarpur,781251
792,bihar,2021,2,purbi champaran,733817
793,bihar,2021,2,gaya,624010
794,bihar,2021,2,pashchim champaran,556408
795,bihar,2021,2,saran,544975
796,bihar,2021,2,samastipur,543782
797,bihar,2021,2,darbhanga,543496
798,bihar,2021,2,madhubani,543493
799,bihar,2021,2,vaishali,497933
800,bihar,2021,3,patna,2156402
801,bihar,2021,3,muzaffarpur,842701
802,bihar,2021,3,purbi champaran,794120
803,bihar,2021,3,gaya,673356
804,bihar,2021,3,pashchim champaran,602251
805,bihar,2021,3,saran,588276
806,bihar,2021,3,madhubani,587337
807,bihar,2021,3,samastipur,586990
808,bihar,2021,3,darbhanga,586251
809,bihar,2021,3,vaishali,536933
810,bihar,2021,4,patna,2303852
811,bihar,2021,4,muzaffarpur,903775
812,bihar,2021,4,purbi champaran,853893
813,bihar,2021,4,gaya,721905
814,bihar,2021,4,pashchim champaran,647450
815,bihar,2021,4,saran,631469
816,bihar,2021,4,samastipur,630218
817,bihar,2021,4,madhubani,629986
818,bihar,2021,4,darbhanga,628529
819,bihar,2021,4,vaishali,576156
820,bihar,2022,1,patna,2443356
821,bihar,2022,1,muzaffarpur,962924
822,bihar,2022,1,purbi champaran,912427
823,bihar,2022,1,gaya,769265
824,bihar,2022,1,pashchim champaran,692182
825,bihar,2022,1,saran,673849
826,bihar,2022,1,samastipur,672508
827,bihar,2022,1,madhubani,672303
828,bihar,2022,1,darbhanga,669850
829,bihar,2022,1,vaishali,614159
830,bihar,2022,2,patna,2577123
831,bihar,2022,2,muzaffarpur,1018560
832,bihar,2022,2,purbi champaran,967838
833,bihar,2022,2,gaya,814180
834,bihar,2022,2,pashchim champaran,734476
835,bihar,2022,2,saran,714109
836,bihar,2022,2,samastipur,712626
837,bihar,2022,2,madhubani,711897
838,bihar,2022,2,darbhanga,708828
839,bihar,2022,2,vaishali,650319
840,bihar,2022,3,patna,2716533
841,bihar,2022,3,muzaffarpur,1077200
842,bihar,2022,3,purbi champaran,1025772
843,bihar,2022,3,gaya,859903
844,bihar,2022,3,pashchim champaran,777977
845,bihar,2022,3,saran,756293
846,bihar,2022,3,samastipur,754322
847,bihar,2022,3,madhubani,753153
848,bihar,2022,3,darbhanga,749430
849,bihar,2022,3,vaishali,688248
850,bihar,2022,4,patna,2854738
851,bihar,2022,4,muzaffarpur,1132096
852,bihar,2022,4,purbi champaran,1079466
853,bihar,2022,4,gaya,902593
854,bihar,2022,4,pashchim champaran,817644
855,bihar,2022,4,saran,795553
856,bihar,2022,4,samastipur,793296
857,bihar,2022,4,madhubani,790218
858,bihar,2022,4,darbhanga,787306
859,bihar,2022,4,vaishali,723338
860,chandigarh,2018,1,chandigarh,86268
861,chandigarh,2018,2,chandigarh,115219
862,chandigarh,2018,3,chandigarh,143893
863,chandigarh,2018,4,chandigarh,177747
864,chandigarh,2019,1,chandigarh,209175
865,chandigarh,2019,2,chandigarh,240439
866,chandigarh,2019,3,chandigarh,267337
867,chandigarh,2019,4,chandigarh,289590
868,chandigarh,2020,1,chandigarh,312887
869,chandigarh,2020,2,chandigarh,336351
870,chandigarh,2020,3,chandigarh,362588
871,chandigarh,2020,4,chandigarh,391402
872,chandigarh,2021,1,chandigarh,419998
873,chandigarh,2021,2,chandigarh,448572
874,chandigarh,2021,3,chandigarh,480463
875,chandigarh,2021,4,chandigarh,512092
876,chandigarh,2022,1,chandigarh,541549
877,chandigarh,2022,2,chandigarh,569582
878,chandigarh,2022,3,chandigarh,598698
879,chandigarh,2022,4,chandigarh,627563
880,chhattisgarh,2018,1,raipur,135308
881,chhattisgarh,2018,1,durg,91516
882,chhattisgarh,2018,1,bilaspur,68704
883,chhattisgarh,2018,1,raigarh,51628
884,chhattisgarh,2018,1,janjgir champa,42297
885,chhattisgarh,2018,1,korba,39075
886,chhattisgarh,2018,1,rajnandgaon,26295
887,chhattisgarh,2018,1,surguja,22001
888,chhattisgarh,2018,1,baloda bazar,21747
889,chhattisgarh,2018,1,mahasamund,19608
890,chhattisgarh,2018,2,raipur,185747
891,chhattisgarh,2018,2,durg,124515
892,chhattisgarh,2018,2,bilaspur,94888
893,chhattisgarh,2018,2,raigarh,70970
894,chhattisgarh,2018,2,janjgir champa,60185
895,chhattisgarh,2018,2,korba,54105
896,chhattisgarh,2018,2,rajnandgaon,38120
897,chhattisgarh,2018,2,baloda bazar,32314
898,chhattisgarh,2018,2,surguja,30374
899,chhattisgarh,2018,2,mahasamund,28208
900,chhattisgarh,2018,3,raipur,231146
901,chhattisgarh,2018,3,durg,150753
902,chhattisgarh,2018,3,bilaspur,119415
903,chhattisgarh,2018,3,raigarh,89911
904,chhattisgarh,2018,3,janjgir champa,77834
905,chhattisgarh,2018,3,korba,68746
906,chhattisgarh,2018,3,rajnandgaon,50271
907,chhattisgarh,2018,3,baloda bazar,43335
908,chhattisgarh,2018,3,surguja,40025
909,chhattisgarh,2018,3,mahasamund,36628
910,chhattisgarh,2018,4,raipur,289198
911,chhattisgarh,2018,4,durg,185746
912,chhattisgarh,2018,4,bilaspur,153972
913,chhattisgarh,2018,4,raigarh,116785
914,chhattisgarh,2018,4,janjgir champa,107156
915,chhattisgarh,2018,4,korba,88680
916,chhattisgarh,2018,4,rajnandgaon,64828
917,chhattisgarh,2018,4,baloda bazar,60270
918,chhattisgarh,2018,4,surguja,51776
919,chhattisgarh,2018,4,mahasamund,47626
920,chhattisgarh,2019,1,raipur,351495
921,chhattisgarh,2019,1,durg,224058
922,chhattisgarh,2019,1,bilaspur,184636
923,chhattisgarh,2019,1,raigarh,139059
924,chhattisgarh,2019,1,janjgir champa,130114
925,chhattisgarh,2019,1,korba,105570
926,chhattisgarh,2019,1,rajnandgaon,78320
927,chhattisgarh,2019,1,baloda bazar,73454
928,chhattisgarh,2019,1,surguja,62300
929,chhattisgarh,2019,1,mahasamund,56953
930,chhattisgarh,2019,2,raipur,405792
931,chhattisgarh,2019,2,durg,257557
932,chhattisgarh,2019,2,bilaspur,209039
933,chhattisgarh,2019,2,raigarh,156178
934,chhattisgarh,2019,2,janjgir champa,147327
935,chhattisgarh,2019,2,korba,119540
936,chhattisgarh,2019,2,rajnandgaon,91198
937,chhattisgarh,2019,2,baloda bazar,84458
938,chhattisgarh,2019,2,surguja,71076
939,chhattisgarh,2019,2,mahasamund,65492
940,chhattisgarh,2019,3,raipur,455785
941,chhattisgarh,2019,3,durg,289803
942,chhattisgarh,2019,3,bilaspur,230364
943,chhattisgarh,2019,3,raigarh,170447
944,chhattisgarh,2019,3,janjgir champa,161232
945,chhattisgarh,2019,3,korba,131850
946,chhattisgarh,2019,3,rajnandgaon,101617
947,chhattisgarh,2019,3,baloda bazar,93416
948,chhattisgarh,2019,3,surguja,79170
949,chhattisgarh,2019,3,mahasamund,72039
950,chhattisgarh,2019,4,raipur,506122
951,chhattisgarh,2019,4,durg,321390
952,chhattisgarh,2019,4,bilaspur,257350
953,chhattisgarh,2019,4,raigarh,189764
954,chhattisgarh,2019,4,janjgir champa,180195
955,chhattisgarh,2019,4,korba,147812
956,chhattisgarh,2019,4,rajnandgaon,113965
957,chhattisgarh,2019,4,baloda bazar,104742
958,chhattisgarh,2019,4,surguja,89297
959,chhattisgarh,2019,4,mahasamund,80893
960,chhattisgarh,2020,1,raipur,559412
961,chhattisgarh,2020,1,durg,353311
962,chhattisgarh,2020,1,bilaspur,284320
963,chhattisgarh,2020,1,raigarh,208338
964,chhattisgarh,2020,1,janjgir champa,199431
965,chhattisgarh,2020,1,korba,163500
966,chhattisgarh,2020,1,rajnandgaon,126699
967,chhattisgarh,2020,1,baloda bazar,115907
968,chhattisgarh,2020,1,surguja,98711
969,chhattisgarh,2020,1,mahasamund,89942
970,chhattisgarh,2020,2,raipur,616931
971,chhattisgarh,2020,2,durg,387874
972,chhattisgarh,2020,2,bilaspur,316669
973,chhattisgarh,2020,2,raigarh,233080
974,chhattisgarh,2020,2,janjgir champa,227716
975,chhattisgarh,2020,2,korba,184399
976,chhattisgarh,2020,2,rajnandgaon,146098
977,chhattisgarh,2020,2,baloda bazar,134301
978,chhattisgarh,2020,2,surguja,110765
979,chhattisgarh,2020,2,mahasamund,103117
980,chhattisgarh,2020,3,raipur,679027
981,chhattisgarh,2020,3,durg,426052
982,chhattisgarh,2020,3,bilaspur,349586
983,chhattisgarh,2020,3,raigarh,259581
984,chhattisgarh,2020,3,janjgir champa,254275
985,chhattisgarh,2020,3,korba,204448
986,chhattisgarh,2020,3,rajnandgaon,166416
987,chhattisgarh,2020,3,baloda bazar,150975
988,chhattisgarh,2020,3,surguja,124081
989,chhattisgarh,2020,3,mahasamund,116370
990,chhattisgarh,2020,4,raipur,743167
991,chhattisgarh,2020,4,durg,464870
992,chhattisgarh,2020,4,bilaspur,384115
993,chhattisgarh,2020,4,raigarh,285081
994,chhattisgarh,2020,4,janjgir champa,280474
995,chhattisgarh,2020,4,korba,225683
996,chhattisgarh,2020,4,rajnandgaon,185815
997,chhattisgarh,2020,4,baloda bazar,166144
998,chhattisgarh,2020,4,surguja,137221
999,chhattisgarh,2020,4,mahasamund,129536
1000,chhattisgarh,2021,1,raipur,800224
1001,chhattisgarh,2021,1,durg,498453
1002,chhattisgarh,2021,1,bilaspur,413692
1003,chhattisgarh,2021,1,raigarh,306712
1004,chhattisgarh,2021,1,janjgir champa,301931
1005,chhattisgarh,2021,1,korba,243030
1006,chhattisgarh,2021,1,rajnandgaon,200572
1007,chhattisgarh,2021,1,baloda bazar,178486
1008,chhattisgarh,2021,1,surguja,147969
1009,chhattisgarh,2021,1,mahasamund,139572
1010,chhattisgarh,2021,2,raipur,855848
1011,chhattisgarh,2021,2,durg,531550
1012,chhattisgarh,2021,2,bilaspur,442330
1013,chhattisgarh,2021,2,raigarh,328664
1014,chhattisgarh,2021,2,janjgir champa,322297
1015,chhattisgarh,2021,2,korba,260168
1016,chhattisgarh,2021,2,rajnandgaon,215143
1017,chhattisgarh,2021,2,baloda bazar,191114
1018,chhattisgarh,2021,2,surguja,158949
1019,chhattisgarh,2021,2,mahasamund,149983
1020,chhattisgarh,2021,3,raipur,917950
1021,chhattisgarh,2021,3,durg,568361
1022,chhattisgarh,2021,3,bilaspur,474660
1023,chhattisgarh,2021,3,raigarh,354087
1024,chhattisgarh,2021,3,janjgir champa,346366
1025,chhattisgarh,2021,3,korba,279897
1026,chhattisgarh,2021,3,rajnandgaon,232140
1027,chhattisgarh,2021,3,baloda bazar,205941
1028,chhattisgarh,2021,3,surguja,171276
1029,chhattisgarh,2021,3,mahasamund,161893
1030,chhattisgarh,2021,4,raipur,979741
1031,chhattisgarh,2021,4,durg,604621
1032,chhattisgarh,2021,4,bilaspur,506449
1033,chhattisgarh,2021,4,raigarh,378507
1034,chhattisgarh,2021,4,janjgir champa,368980
1035,chhattisgarh,2021,4,korba,299191
1036,chhattisgarh,2021,4,rajnandgaon,248230
1037,chhattisgarh,2021,4,baloda bazar,220188
1038,chhattisgarh,2021,4,surguja,183559
1039,chhattisgarh,2021,4,mahasamund,173519
1040,chhattisgarh,2022,1,raipur,1038105
1041,chhattisgarh,2022,1,durg,639688
1042,chhattisgarh,2022,1,bilaspur,537617
1043,chhattisgarh,2022,1,raigarh,403164
1044,chhattisgarh,2022,1,janjgir champa,392285
1045,chhattisgarh,2022,1,korba,317604
1046,chhattisgarh,2022,1,rajnandgaon,264326
1047,chhattisgarh,2022,1,baloda bazar,234464
1048,chhattisgarh,2022,1,surguja,195440
1049,chhattisgarh,2022,1,mahasamund,185227
1050,chhattisgarh,2022,2,raipur,1093318
1051,chhattisgarh,2022,2,durg,672947
1052,chhattisgarh,2022,2,bilaspur,566475
1053,chhattisgarh,2022,2,raigarh,425526
1054,chhattisgarh,2022,2,janjgir champa,414133
1055,chhattisgarh,2022,2,korba,334672
1056,chhattisgarh,2022,2,rajnandgaon,278724
1057,chhattisgarh,2022,2,baloda bazar,247634
1058,chhattisgarh,2022,2,surguja,206354
1059,chhattisgarh,2022,2,mahasamund,195406
1060,chhattisgarh,2022,3,raipur,1150501
1061,chhattisgarh,2022,3,durg,707241
1062,chhattisgarh,2022,3,bilaspur,596003
1063,chhattisgarh,2022,3,raigarh,448366
1064,chhattisgarh,2022,3,janjgir champa,436349
1065,chhattisgarh,2022,3,korba,352198
1066,chhattisgarh,2022,3,rajnandgaon,292804
1067,chhattisgarh,2022,3,baloda bazar,260632
1068,chhattisgarh,2022,3,surguja,217313
1069,chhattisgarh,2022,3,mahasamund,205270
1070,chhattisgarh,2022,4,raipur,1205632
1071,chhattisgarh,2022,4,durg,740173
1072,chhattisgarh,2022,4,bilaspur,622644
1073,chhattisgarh,2022,4,raigarh,468010
1074,chhattisgarh,2022,4,janjgir champa,455430
1075,chhattisgarh,2022,4,korba,368179
1076,chhattisgarh,2022,4,rajnandgaon,304353
1077,chhattisgarh,2022,4,baloda bazar,271259
1078,chhattisgarh,2022,4,surguja,226706
1079,chhattisgarh,2022,4,mahasamund,213189
1080,dadra-&-nagar-haveli-&-daman-&-diu,2018,1,dadra and nagar haveli,32028
1081,dadra-&-nagar-haveli-&-daman-&-diu,2018,1,daman,18677
1082,dadra-&-nagar-haveli-&-daman-&-diu,2018,1,diu,2553
1083,dadra-&-nagar-haveli-&-daman-&-diu,2018,2,dadra and nagar haveli,43085
1084,dadra-&-nagar-haveli-&-daman-&-diu,2018,2,daman,25144
1085,dadra-&-nagar-haveli-&-daman-&-diu,2018,2,diu,3229
1086,dadra-&-nagar-haveli-&-daman-&-diu,2018,3,dadra and nagar haveli,55626
1087,dadra-&-nagar-haveli-&-daman-&-diu,2018,3,daman,32651
1088,dadra-&-nagar-haveli-&-daman-&-diu,2018,3,diu,3830
1089,dadra-&-nagar-haveli-&-daman-&-diu,2018,4,dadra and nagar haveli,69833
1090,dadra-&-nagar-haveli-&-daman-&-diu,2018,4,daman,42069
1091,dadra-&-nagar-haveli-&-daman-&-diu,2018,4,diu,4609
1092,dadra-&-nagar-haveli-&-daman-&-diu,2019,1,dadra and nagar haveli,83987
1093,dadra-&-nagar-haveli-&-daman-&-diu,2019,1,daman,51093
1094,dadra-&-nagar-haveli-&-daman-&-diu,2019,1,diu,5452
1095,dadra-&-nagar-haveli-&-daman-&-diu,2019,2,dadra and nagar haveli,94382
1096,dadra-&-nagar-haveli-&-daman-&-diu,2019,2,daman,58005
1097,dadra-&-nagar-haveli-&-daman-&-diu,2019,2,diu,6193
1098,dadra-&-nagar-haveli-&-daman-&-diu,2019,3,dadra and nagar haveli,105329
1099,dadra-&-nagar-haveli-&-daman-&-diu,2019,3,daman,64854
1100,dadra-&-nagar-haveli-&-daman-&-diu,2019,3,diu,6746
1101,dadra-&-nagar-haveli-&-daman-&-diu,2019,4,dadra and nagar haveli,117805
1102,dadra-&-nagar-haveli-&-daman-&-diu,2019,4,daman,72470
1103,dadra-&-nagar-haveli-&-daman-&-diu,2019,4,diu,7323
1104,dadra-&-nagar-haveli-&-daman-&-diu,2020,1,dadra and nagar haveli,130255
1105,dadra-&-nagar-haveli-&-daman-&-diu,2020,1,daman,80329
1106,dadra-&-nagar-haveli-&-daman-&-diu,2020,1,diu,7912
1107,dadra-&-nagar-haveli-&-daman-&-diu,2020,2,dadra and nagar haveli,146003
1108,dadra-&-nagar-haveli-&-daman-&-diu,2020,2,daman,90016
1109,dadra-&-nagar-haveli-&-daman-&-diu,2020,2,diu,8795
1110,dadra-&-nagar-haveli-&-daman-&-diu,2020,3,dadra and nagar haveli,160183
1111,dadra-&-nagar-haveli-&-daman-&-diu,2020,3,daman,98108
1112,dadra-&-nagar-haveli-&-daman-&-diu,2020,3,diu,9655
1113,dadra-&-nagar-haveli-&-daman-&-diu,2020,4,dadra and nagar haveli,177432
1114,dadra-&-nagar-haveli-&-daman-&-diu,2020,4,daman,108511
1115,dadra-&-nagar-haveli-&-daman-&-diu,2020,4,diu,10550
1116,dadra-&-nagar-haveli-&-daman-&-diu,2021,1,dadra and nagar haveli,192262
1117,dadra-&-nagar-haveli-&-daman-&-diu,2021,1,daman,117728
1118,dadra-&-nagar-haveli-&-daman-&-diu,2021,1,diu,11406
1119,dadra-&-nagar-haveli-&-daman-&-diu,2021,2,dadra and nagar haveli,206516
1120,dadra-&-nagar-haveli-&-daman-&-diu,2021,2,daman,126258
1121,dadra-&-nagar-haveli-&-daman-&-diu,2021,2,diu,12220
1122,dadra-&-nagar-haveli-&-daman-&-diu,2021,3,dadra and nagar haveli,222731
1123,dadra-&-nagar-haveli-&-daman-&-diu,2021,3,daman,135976
1124,dadra-&-nagar-haveli-&-daman-&-diu,2021,3,diu,13167
1125,dadra-&-nagar-haveli-&-daman-&-diu,2021,4,dadra and nagar haveli,239110
1126,dadra-&-nagar-haveli-&-daman-&-diu,2021,4,daman,145806
1127,dadra-&-nagar-haveli-&-daman-&-diu,2021,4,diu,14047
1128,dadra-&-nagar-haveli-&-daman-&-diu,2022,1,dadra and nagar haveli,254577
1129,dadra-&-nagar-haveli-&-daman-&-diu,2022,1,daman,155029
1130,dadra-&-nagar-haveli-&-daman-&-diu,2022,1,diu,14964
1131,dadra-&-nagar-haveli-&-daman-&-diu,2022,2,dadra and nagar haveli,269344
1132,dadra-&-nagar-haveli-&-daman-&-diu,2022,2,daman,163861
1133,dadra-&-nagar-haveli-&-daman-&-diu,2022,2,diu,15811
1134,dadra-&-nagar-haveli-&-daman-&-diu,2022,3,dadra and nagar haveli,284923
1135,dadra-&-nagar-haveli-&-daman-&-diu,2022,3,daman,173219
1136,dadra-&-nagar-haveli-&-daman-&-diu,2022,3,diu,16665
1137,dadra-&-nagar-haveli-&-daman-&-diu,2022,4,dadra and nagar haveli,300217
1138,dadra-&-nagar-haveli-&-daman-&-diu,2022,4,daman,182481
1139,dadra-&-nagar-haveli-&-daman-&-diu,2022,4,diu,17427
1140,delhi,2018,1,west,308558
1141,delhi,2018,1,south east delhi,251213
1142,delhi,2018,1,north west,223679
1143,delhi,2018,1,new delhi,212008
1144,delhi,2018,1,central delhi,202723
1145,delhi,2018,1,south west,179197
1146,delhi,2018,1,north,173622
1147,delhi,2018,1,east,169295
1148,delhi,2018,1,south,156706
1149,delhi,2018,1,shahdara,114549
1150,delhi,2018,2,west,406877
1151,delhi,2018,2,south east delhi,333350
1152,delhi,2018,2,north west,294038
1153,delhi,2018,2,new delhi,282319
1154,delhi,2018,2,central delhi,267154
1155,delhi,2018,2,south west,236789
1156,delhi,2018,2,north,227958
1157,delhi,2018,2,east,221449
1158,delhi,2018,2,south,206935
1159,delhi,2018,2,shahdara,152113
1160,delhi,2018,3,west,515854
1161,delhi,2018,3,south east delhi,423177
1162,delhi,2018,3,north west,376806
1163,delhi,2018,3,new delhi,363140
1164,delhi,2018,3,central delhi,340549
1165,delhi,2018,3,south west,297663
1166,delhi,2018,3,north,290251
1167,delhi,2018,3,east,280847
1168,delhi,2018,3,south,264628
1169,delhi,2018,3,shahdara,192430
1170,delhi,2018,4,west,686653
1171,delhi,2018,4,south east delhi,564640
1172,delhi,2018,4,north west,496928
1173,delhi,2018,4,new delhi,470991
1174,delhi,2018,4,central delhi,446787
1175,delhi,2018,4,south west,393208
1176,delhi,2018,4,north,379177
1177,delhi,2018,4,east,373139
1178,delhi,2018,4,south,344311
1179,delhi,2018,4,shahdara,257785
1180,delhi,2019,1,west,820526
1181,delhi,2019,1,south east delhi,671667
1182,delhi,2019,1,north west,583438
1183,delhi,2019,1,new delhi,558516
1184,delhi,2019,1,central delhi,529918
1185,delhi,2019,1,south west,467571
1186,delhi,2019,1,north,447987
1187,delhi,2019,1,east,439639
1188,delhi,2019,1,south,407519
1189,delhi,2019,1,shahdara,310351
1190,delhi,2019,2,west,919096
1191,delhi,2019,2,south east delhi,749218
1192,delhi,2019,2,north west,649377
1193,delhi,2019,2,new delhi,637526
1194,delhi,2019,2,central delhi,596940
1195,delhi,2019,2,south west,519422
1196,delhi,2019,2,north,502570
1197,delhi,2019,2,east,487121
1198,delhi,2019,2,south,453829
1199,delhi,2019,2,shahdara,352312
1200,delhi,2019,3,west,1008836
1201,delhi,2019,3,south east delhi,821304
1202,delhi,2019,3,north west,709448
1203,delhi,2019,3,new delhi,705546
1204,delhi,2019,3,central delhi,658985
1205,delhi,2019,3,south west,567496
1206,delhi,2019,3,north,554029
1207,delhi,2019,3,east,532254
1208,delhi,2019,3,south,498200
1209,delhi,2019,3,shahdara,391827
1210,delhi,2019,4,west,1081496
1211,delhi,2019,4,south east delhi,883080
1212,delhi,2019,4,north west,758620
1213,delhi,2019,4,new delhi,757888
1214,delhi,2019,4,central delhi,711015
1215,delhi,2019,4,south west,605482
1216,delhi,2019,4,north,598910
1217,delhi,2019,4,east,568283
1218,delhi,2019,4,south,533716
1219,delhi,2019,4,shahdara,425305
1220,delhi,2020,1,west,1160353
1221,delhi,2020,1,south east delhi,947535
1222,delhi,2020,1,north west,814249
1223,delhi,2020,1,new delhi,810489
1224,delhi,2020,1,central delhi,765149
1225,delhi,2020,1,north,648654
1226,delhi,2020,1,south west,644981
1227,delhi,2020,1,east,604768
1228,delhi,2020,1,south,570329
1229,delhi,2020,1,shahdara,460186
1230,delhi,2020,2,west,1243875
1231,delhi,2020,2,south east delhi,1011931
1232,delhi,2020,2,north west,877218
1233,delhi,2020,2,new delhi,858515
1234,delhi,2020,2,central delhi,821609
1235,delhi,2020,2,north,704186
1236,delhi,2020,2,south west,688199
1237,delhi,2020,2,east,641233
1238,delhi,2020,2,south,608062
1239,delhi,2020,2,shahdara,498710
1240,delhi,2020,3,west,1343895
1241,delhi,2020,3,south east delhi,1088989
1242,delhi,2020,3,north west,946954
1243,delhi,2020,3,new delhi,912051
1244,delhi,2020,3,central delhi,888536
1245,delhi,2020,3,north,763389
1246,delhi,2020,3,south west,739034
1247,delhi,2020,3,east,685955
1248,delhi,2020,3,south,651616
1249,delhi,2020,3,shahdara,543831
1250,delhi,2020,4,west,1451042
1251,delhi,2020,4,south east delhi,1174221
1252,delhi,2020,4,north west,1019187
1253,delhi,2020,4,new delhi,971715
1254,delhi,2020,4,central delhi,962750
1255,delhi,2020,4,north,827019
1256,delhi,2020,4,south west,792331
1257,delhi,2020,4,east,734091
1258,delhi,2020,4,south,699303
1259,delhi,2020,4,shahdara,591192
1260,delhi,2021,1,west,1559112
1261,delhi,2021,1,south east delhi,1260645
1262,delhi,2021,1,north west,1094464
1263,delhi,2021,1,new delhi,1039016
1264,delhi,2021,1,central delhi,1035060
1265,delhi,2021,1,north,890194
1266,delhi,2021,1,south west,849223
1267,delhi,2021,1,east,786308
1268,delhi,2021,1,south,749173
1269,delhi,2021,1,shahdara,636908
1270,delhi,2021,2,west,1666267
1271,delhi,2021,2,south east delhi,1346063
1272,delhi,2021,2,north west,1170137
1273,delhi,2021,2,new delhi,1108471
1274,delhi,2021,2,central delhi,1105640
1275,delhi,2021,2,north,952374
1276,delhi,2021,2,south west,906878
1277,delhi,2021,2,east,839185
1278,delhi,2021,2,south,799590
1279,delhi,2021,2,shahdara,681073
1280,delhi,2021,3,west,1785309
1281,delhi,2021,3,south east delhi,1441462
1282,delhi,2021,3,north west,1254464
1283,delhi,2021,3,new delhi,1185588
1284,delhi,2021,3,central delhi,1184217
1285,delhi,2021,3,north,1022251
1286,delhi,2021,3,south west,971552
1287,delhi,2021,3,east,898137
1288,delhi,2021,3,south,855177
1289,delhi,2021,3,shahdara,730209
1290,delhi,2021,4,west,1905278
1291,delhi,2021,4,south east delhi,1537814
1292,delhi,2021,4,north west,1339480
1293,delhi,2021,4,central delhi,1263911
1294,delhi,2021,4,new delhi,1263818
1295,delhi,2021,4,north,1093028
1296,delhi,2021,4,south west,1036466
1297,delhi,2021,4,east,957392
1298,delhi,2021,4,south,911399
1299,delhi,2021,4,shahdara,779798
1300,delhi,2022,1,west,2017435
1301,delhi,2022,1,south east delhi,1628157
1302,delhi,2022,1,north west,1419688
1303,delhi,2022,1,central delhi,1338465
1304,delhi,2022,1,new delhi,1336911
1305,delhi,2022,1,north,1159277
1306,delhi,2022,1,south west,1097016
1307,delhi,2022,1,east,1013024
1308,delhi,2022,1,south,963775
1309,delhi,2022,1,shahdara,826148
1310,delhi,2022,2,west,2124626
1311,delhi,2022,2,south east delhi,1714507
1312,delhi,2022,2,north west,1496002
1313,delhi,2022,2,central delhi,1409776
1314,delhi,2022,2,new delhi,1406687
1315,delhi,2022,2,north,1222605
1316,delhi,2022,2,south west,1155288
1317,delhi,2022,2,east,1066632
1318,delhi,2022,2,south,1013938
1319,delhi,2022,2,shahdara,870461
1320,delhi,2022,3,west,2235907
1321,delhi,2022,3,south east delhi,1804123
1322,delhi,2022,3,north west,1575473
1323,delhi,2022,3,central delhi,1483786
1324,delhi,2022,3,new delhi,1479669
1325,delhi,2022,3,north,1288507
1326,delhi,2022,3,south west,1215697
1327,delhi,2022,3,east,1121596
1328,delhi,2022,3,south,1065631
1329,delhi,2022,3,shahdara,917096
1330,delhi,2022,4,west,2348063
1331,delhi,2022,4,south east delhi,1894776
1332,delhi,2022,4,north west,1655730
1333,delhi,2022,4,central delhi,1558400
1334,delhi,2022,4,new delhi,1552874
1335,delhi,2022,4,north,1354521
1336,delhi,2022,4,south west,1275864
1337,delhi,2022,4,east,1177294
1338,delhi,2022,4,south,1117981
1339,delhi,2022,4,shahdara,963656
1340,goa,2018,1,north goa,57769
1341,goa,2018,1,south goa,34167
1342,goa,2018,2,north goa,76192
1343,goa,2018,2,south goa,45982
1344,goa,2018,3,north goa,95307
1345,goa,2018,3,south goa,58495
1346,goa,2018,4,north goa,121001
1347,goa,2018,4,south goa,74349
1348,goa,2019,1,north goa,147802
1349,goa,2019,1,south goa,90350
1350,goa,2019,2,north goa,173002
1351,goa,2019,2,south goa,105938
1352,goa,2019,3,north goa,197361
1353,goa,2019,3,south goa,119833
1354,goa,2019,4,north goa,220385
1355,goa,2019,4,south goa,133161
1356,goa,2020,1,north goa,244309
1357,goa,2020,1,south goa,147591
1358,goa,2020,2,north goa,267533
1359,goa,2020,2,south goa,163106
1360,goa,2020,3,north goa,294195
1361,goa,2020,3,south goa,180767
1362,goa,2020,4,north goa,326479
1363,goa,2020,4,south goa,201105
1364,goa,2021,1,north goa,352593
1365,goa,2021,1,south goa,217442
1366,goa,2021,2,north goa,376703
1367,goa,2021,2,south goa,232403
1368,goa,2021,3,north goa,403952
1369,goa,2021,3,south goa,249506
1370,goa,2021,4,north goa,430814
1371,goa,2021,4,south goa,266364
1372,goa,2022,1,north goa,456250
1373,goa,2022,1,south goa,282378
1374,goa,2022,2,north goa,480353
1375,goa,2022,2,south goa,297426
1376,goa,2022,3,north goa,504946
1377,goa,2022,3,south goa,312884
1378,goa,2022,4,north goa,527826
1379,goa,2022,4,south goa,327376
1380,gujarat,2018,1,ahmadabad,572811
1381,gujarat,2018,1,surat,489852
1382,gujarat,2018,1,vadodara,205722
1383,gujarat,2018,1,rajkot,133017
1384,gujarat,2018,1,gandhinagar,118201
1385,gujarat,2018,1,bharuch,101575
1386,gujarat,2018,1,kachchh,97838
1387,gujarat,2018,1,mahesana,97004
1388,gujarat,2018,1,banas kantha,93506
1389,gujarat,2018,1,bhavnagar,87683
1390,gujarat,2018,2,ahmadabad,751746
1391,gujarat,2018,2,surat,652372
1392,gujarat,2018,2,vadodara,271730
1393,gujarat,2018,2,rajkot,174778
1394,gujarat,2018,2,gandhinagar,155539
1395,gujarat,2018,2,bharuch,134500
1396,gujarat,2018,2,kachchh,128064
1397,gujarat,2018,2,mahesana,127614
1398,gujarat,2018,2,banas kantha,125849
1399,gujarat,2018,2,bhavnagar,115812
1400,gujarat,2018,3,ahmadabad,919252
1401,gujarat,2018,3,surat,808005
1402,gujarat,2018,3,vadodara,335125
1403,gujarat,2018,3,rajkot,215459
1404,gujarat,2018,3,gandhinagar,190882
1405,gujarat,2018,3,bharuch,169322
1406,gujarat,2018,3,banas kantha,159591
1407,gujarat,2018,3,kachchh,158762
1408,gujarat,2018,3,mahesana,157274
1409,gujarat,2018,3,bhavnagar,141243
1410,gujarat,2018,4,ahmadabad,1212636
1411,gujarat,2018,4,surat,998807
1412,gujarat,2018,4,vadodara,421895
1413,gujarat,2018,4,rajkot,260602
1414,gujarat,2018,4,gandhinagar,242368
1415,gujarat,2018,4,bharuch,211843
1416,gujarat,2018,4,banas kantha,197774
1417,gujarat,2018,4,kachchh,195295
1418,gujarat,2018,4,mahesana,192493
1419,gujarat,2018,4,bhavnagar,173699
1420,gujarat,2019,1,ahmadabad,1450100
1421,gujarat,2019,1,surat,1180819
1422,gujarat,2019,1,vadodara,502520
1423,gujarat,2019,1,rajkot,304415
1424,gujarat,2019,1,gandhinagar,291858
1425,gujarat,2019,1,bharuch,252826
1426,gujarat,2019,1,banas kantha,239613
1427,gujarat,2019,1,kachchh,231871
1428,gujarat,2019,1,mahesana,230403
1429,gujarat,2019,1,valsad,209477
1430,gujarat,2019,2,ahmadabad,1656341
1431,gujarat,2019,2,surat,1338584
1432,gujarat,2019,2,vadodara,572031
1433,gujarat,2019,2,rajkot,345178
1434,gujarat,2019,2,gandhinagar,333056
1435,gujarat,2019,2,bharuch,284296
1436,gujarat,2019,2,banas kantha,271379
1437,gujarat,2019,2,kachchh,261458
1438,gujarat,2019,2,mahesana,259949
1439,gujarat,2019,2,valsad,238764
1440,gujarat,2019,3,ahmadabad,1848860
1441,gujarat,2019,3,surat,1481391
1442,gujarat,2019,3,vadodara,637678
1443,gujarat,2019,3,rajkot,384852
1444,gujarat,2019,3,gandhinagar,372464
1445,gujarat,2019,3,bharuch,315856
1446,gujarat,2019,3,banas kantha,301373
1447,gujarat,2019,3,mahesana,286652
1448,gujarat,2019,3,kachchh,285519
1449,gujarat,2019,3,valsad,266134
1450,gujarat,2019,4,ahmadabad,2015947
1451,gujarat,2019,4,surat,1624077
1452,gujarat,2019,4,vadodara,700817
1453,gujarat,2019,4,rajkot,426178
1454,gujarat,2019,4,gandhinagar,408526
1455,gujarat,2019,4,bharuch,350619
1456,gujarat,2019,4,banas kantha,339582
1457,gujarat,2019,4,mahesana,316985
1458,gujarat,2019,4,kachchh,314732
1459,gujarat,2019,4,valsad,296977
1460,gujarat,2020,1,ahmadabad,2185983
1461,gujarat,2020,1,surat,1772703
1462,gujarat,2020,1,vadodara,763969
1463,gujarat,2020,1,rajkot,469636
1464,gujarat,2020,1,gandhinagar,445290
1465,gujarat,2020,1,banas kantha,386212
1466,gujarat,2020,1,bharuch,384819
1467,gujarat,2020,1,mahesana,349897
1468,gujarat,2020,1,kachchh,347270
1469,gujarat,2020,1,valsad,330053
1470,gujarat,2020,2,ahmadabad,2384154
1471,gujarat,2020,2,surat,1935894
1472,gujarat,2020,2,vadodara,830759
1473,gujarat,2020,2,rajkot,522650
1474,gujarat,2020,2,gandhinagar,488351
1475,gujarat,2020,2,banas kantha,446603
1476,gujarat,2020,2,bharuch,423017
1477,gujarat,2020,2,mahesana,389562
1478,gujarat,2020,2,kachchh,385480
1479,gujarat,2020,2,valsad,372771
1480,gujarat,2020,3,ahmadabad,2580178
1481,gujarat,2020,3,surat,2092712
1482,gujarat,2020,3,vadodara,901492
1483,gujarat,2020,3,rajkot,573062
1484,gujarat,2020,3,gandhinagar,529771
1485,gujarat,2020,3,banas kantha,501471
1486,gujarat,2020,3,bharuch,462292
1487,gujarat,2020,3,mahesana,427950
1488,gujarat,2020,3,kachchh,423729
1489,gujarat,2020,3,valsad,410740
1490,gujarat,2020,4,ahmadabad,2787991
1491,gujarat,2020,4,surat,2278232
1492,gujarat,2020,4,vadodara,980658
1493,gujarat,2020,4,rajkot,627654
1494,gujarat,2020,4,gandhinagar,572461
1495,gujarat,2020,4,banas kantha,551645
1496,gujarat,2020,4,bharuch,508005
1497,gujarat,2020,4,kachchh,466855
1498,gujarat,2020,4,mahesana,464932
1499,gujarat,2020,4,valsad,452628
1500,gujarat,2021,1,ahmadabad,2999575
1501,gujarat,2021,1,surat,2458596
1502,gujarat,2021,1,vadodara,1053954
1503,gujarat,2021,1,rajkot,677301
1504,gujarat,2021,1,gandhinagar,615315
1505,gujarat,2021,1,banas kantha,598384
1506,gujarat,2021,1,bharuch,548541
1507,gujarat,2021,1,kachchh,505517
1508,gujarat,2021,1,mahesana,500511
1509,gujarat,2021,1,valsad,489062
1510,gujarat,2021,2,ahmadabad,3209841
1511,gujarat,2021,2,surat,2633443
1512,gujarat,2021,2,vadodara,1127636
1513,gujarat,2021,2,rajkot,726817
1514,gujarat,2021,2,gandhinagar,658428
1515,gujarat,2021,2,banas kantha,645073
1516,gujarat,2021,2,bharuch,588777
1517,gujarat,2021,2,kachchh,543585
1518,gujarat,2021,2,mahesana,536645
1519,gujarat,2021,2,valsad,524614
1520,gujarat,2021,3,ahmadabad,3445024
1521,gujarat,2021,3,surat,2830392
1522,gujarat,2021,3,vadodara,1210266
1523,gujarat,2021,3,rajkot,782611
1524,gujarat,2021,3,gandhinagar,706654
1525,gujarat,2021,3,banas kantha,698841
1526,gujarat,2021,3,bharuch,634589
1527,gujarat,2021,3,kachchh,587589
1528,gujarat,2021,3,mahesana,578072
1529,gujarat,2021,3,valsad,565423
1530,gujarat,2021,4,ahmadabad,3679243
1531,gujarat,2021,4,surat,3026960
1532,gujarat,2021,4,vadodara,1292097
1533,gujarat,2021,4,rajkot,837869
1534,gujarat,2021,4,gandhinagar,754369
1535,gujarat,2021,4,banas kantha,751116
1536,gujarat,2021,4,bharuch,679705
1537,gujarat,2021,4,kachchh,630878
1538,gujarat,2021,4,mahesana,618376
1539,gujarat,2021,4,valsad,605655
1540,gujarat,2022,1,ahmadabad,3897869
1541,gujarat,2022,1,surat,3210535
1542,gujarat,2022,1,vadodara,1368210
1543,gujarat,2022,1,rajkot,889499
1544,gujarat,2022,1,banas kantha,802470
1545,gujarat,2022,1,gandhinagar,799301
1546,gujarat,2022,1,bharuch,722367
1547,gujarat,2022,1,kachchh,671465
1548,gujarat,2022,1,mahesana,656908
1549,gujarat,2022,1,valsad,643742
1550,gujarat,2022,2,ahmadabad,4105172
1551,gujarat,2022,2,surat,3385398
1552,gujarat,2022,2,vadodara,1440949
1553,gujarat,2022,2,rajkot,937863
1554,gujarat,2022,2,banas kantha,849884
1555,gujarat,2022,2,gandhinagar,841732
1556,gujarat,2022,2,bharuch,762752
1557,gujarat,2022,2,kachchh,709339
1558,gujarat,2022,2,mahesana,692794
1559,gujarat,2022,2,valsad,679340
1560,gujarat,2022,3,ahmadabad,4319512
1561,gujarat,2022,3,surat,3567767
1562,gujarat,2022,3,vadodara,1515556
1563,gujarat,2022,3,rajkot,986904
1564,gujarat,2022,3,banas kantha,896869
1565,gujarat,2022,3,gandhinagar,885535
1566,gujarat,2022,3,bharuch,803845
1567,gujarat,2022,3,kachchh,747079
1568,gujarat,2022,3,mahesana,729723
1569,gujarat,2022,3,valsad,716467
1570,gujarat,2022,4,ahmadabad,4530853
1571,gujarat,2022,4,surat,3747780
1572,gujarat,2022,4,vadodara,1587831
1573,gujarat,2022,4,rajkot,1033159
1574,gujarat,2022,4,banas kantha,939693
1575,gujarat,2022,4,gandhinagar,927585
1576,gujarat,2022,4,bharuch,842519
1577,gujarat,2022,4,kachchh,781383
1578,gujarat,2022,4,mahesana,763693
1579,gujarat,2022,4,valsad,751767
1580,haryana,2018,1,gurugram,474081
1581,haryana,2018,1,faridabad,231504
1582,haryana,2018,1,hisar,113872
1583,haryana,2018,1,rewari,85350
1584,haryana,2018,1,sonipat,79638
1585,haryana,2018,1,panipat,74739
1586,haryana,2018,1,karnal,73612
1587,haryana,2018,1,sirsa,70800
1588,haryana,2018,1,rohtak,62452
1589,haryana,2018,1,bhiwani,57585
1590,haryana,2018,2,gurugram,621718
1591,haryana,2018,2,faridabad,306358
1592,haryana,2018,2,hisar,147599
1593,haryana,2018,2,rewari,113056
1594,haryana,2018,2,sonipat,106837
1595,haryana,2018,2,panipat,101243
1596,haryana,2018,2,karnal,98276
1597,haryana,2018,2,sirsa,91908
1598,haryana,2018,2,rohtak,82822
1599,haryana,2018,2,bhiwani,75485
1600,haryana,2018,3,gurugram,767369
1601,haryana,2018,3,faridabad,383316
1602,haryana,2018,3,hisar,176380
1603,haryana,2018,3,rewari,138368
1604,haryana,2018,3,sonipat,132705
1605,haryana,2018,3,panipat,124290
1606,haryana,2018,3,karnal,121471
1607,haryana,2018,3,sirsa,109165
1608,haryana,2018,3,rohtak,101649
1609,haryana,2018,3,ambala,92472
1610,haryana,2018,4,gurugram,967781
1611,haryana,2018,4,faridabad,521996
1612,haryana,2018,4,hisar,210671
1613,haryana,2018,4,rewari,172035
1614,haryana,2018,4,sonipat,165599
1615,haryana,2018,4,panipat,153137
1616,haryana,2018,4,karnal,149062
1617,haryana,2018,4,sirsa,127874
1618,haryana,2018,4,rohtak,124365
1619,haryana,2018,4,jhajjar,114488
1620,haryana,2019,1,gurugram,1159832
1621,haryana,2019,1,faridabad,634024
1622,haryana,2019,1,hisar,245236
1623,haryana,2019,1,rewari,207051
1624,haryana,2019,1,sonipat,199593
1625,haryana,2019,1,panipat,181548
1626,haryana,2019,1,karnal,177042
1627,haryana,2019,1,rohtak,147392
1628,haryana,2019,1,sirsa,146936
1629,haryana,2019,1,palwal,141953
1630,haryana,2019,2,gurugram,1307319
1631,haryana,2019,2,faridabad,716593
1632,haryana,2019,2,hisar,277720
1633,haryana,2019,2,rewari,238349
1634,haryana,2019,2,sonipat,230883
1635,haryana,2019,2,panipat,208172
1636,haryana,2019,2,karnal,204255
1637,haryana,2019,2,rohtak,169372
1638,haryana,2019,2,palwal,165665
1639,haryana,2019,2,sirsa,163468
1640,haryana,2019,3,gurugram,1447473
1641,haryana,2019,3,faridabad,792884
1642,haryana,2019,3,hisar,308179
1643,haryana,2019,3,rewari,266893
1644,haryana,2019,3,sonipat,261554
1645,haryana,2019,3,panipat,235346
1646,haryana,2019,3,karnal,230603
1647,haryana,2019,3,rohtak,190137
1648,haryana,2019,3,palwal,188217
1649,haryana,2019,3,jhajjar,185095
1650,haryana,2019,4,gurugram,1574240
1651,haryana,2019,4,faridabad,862595
1652,haryana,2019,4,hisar,339753
1653,haryana,2019,4,rewari,294161
1654,haryana,2019,4,sonipat,291479
1655,haryana,2019,4,panipat,262435
1656,haryana,2019,4,karnal,255280
1657,haryana,2019,4,rohtak,209750
1658,haryana,2019,4,palwal,209434
1659,haryana,2019,4,jhajjar,206377
1660,haryana,2020,1,gurugram,1700505
1661,haryana,2020,1,faridabad,935992
1662,haryana,2020,1,hisar,382469
1663,haryana,2020,1,sonipat,325111
1664,haryana,2020,1,rewari,323001
1665,haryana,2020,1,panipat,293916
1666,haryana,2020,1,karnal,283270
1667,haryana,2020,1,palwal,233542
1668,haryana,2020,1,rohtak,231317
1669,haryana,2020,1,jhajjar,230059
1670,haryana,2020,2,gurugram,1809777
1671,haryana,2020,2,faridabad,1010271
1672,haryana,2020,2,hisar,417164
1673,haryana,2020,2,sonipat,362890
1674,haryana,2020,2,rewari,354024
1675,haryana,2020,2,panipat,324833
1676,haryana,2020,2,karnal,313828
1677,haryana,2020,2,palwal,259528
1678,haryana,2020,2,jhajjar,256581
1679,haryana,2020,2,rohtak,254647
1680,haryana,2020,3,gurugram,1949331
1681,haryana,2020,3,faridabad,1094570
1682,haryana,2020,3,hisar,453910
1683,haryana,2020,3,sonipat,402001
1684,haryana,2020,3,rewari,388025
1685,haryana,2020,3,panipat,357830
1686,haryana,2020,3,karnal,344289
1687,haryana,2020,3,palwal,285223
1688,haryana,2020,3,jhajjar,284852
1689,haryana,2020,3,rohtak,280325
1690,haryana,2020,4,gurugram,2104240
1691,haryana,2020,4,faridabad,1182635
1692,haryana,2020,4,hisar,490971
1693,haryana,2020,4,sonipat,441088
1694,haryana,2020,4,rewari,421106
1695,haryana,2020,4,panipat,391952
1696,haryana,2020,4,karnal,374733
1697,haryana,2020,4,jhajjar,313144
1698,haryana,2020,4,palwal,310698
1699,haryana,2020,4,rohtak,305922
1700,haryana,2021,1,gurugram,2262589
1701,haryana,2021,1,faridabad,1272506
1702,haryana,2021,1,hisar,526528
1703,haryana,2021,1,sonipat,475192
1704,haryana,2021,1,rewari,453500
1705,haryana,2021,1,panipat,423131
1706,haryana,2021,1,karnal,402850
1707,haryana,2021,1,jhajjar,337303
1708,haryana,2021,1,palwal,335048
1709,haryana,2021,1,rohtak,329147
1710,haryana,2021,2,gurugram,2416391
1711,haryana,2021,2,faridabad,1360855
1712,haryana,2021,2,hisar,564047
1713,haryana,2021,2,sonipat,510058
1714,haryana,2021,2,rewari,485784
1715,haryana,2021,2,panipat,454218
1716,haryana,2021,2,karnal,432042
1717,haryana,2021,2,jhajjar,362160
1718,haryana,2021,2,palwal,359544
1719,haryana,2021,2,rohtak,353305
1720,haryana,2021,3,gurugram,2589324
1721,haryana,2021,3,faridabad,1459758
1722,haryana,2021,3,hisar,606513
1723,haryana,2021,3,sonipat,549613
1724,haryana,2021,3,rewari,522734
1725,haryana,2021,3,panipat,489226
1726,haryana,2021,3,karnal,464990
1727,haryana,2021,3,jhajjar,390612
1728,haryana,2021,3,palwal,387557
1729,haryana,2021,3,rohtak,380370
1730,haryana,2021,4,gurugram,2764490
1731,haryana,2021,4,faridabad,1559756
1732,haryana,2021,4,hisar,648827
1733,haryana,2021,4,sonipat,588700
1734,haryana,2021,4,rewari,559494
1735,haryana,2021,4,panipat,523678
1736,haryana,2021,4,karnal,497166
1737,haryana,2021,4,jhajjar,418950
1738,haryana,2021,4,palwal,415495
1739,haryana,2021,4,rohtak,407245
1740,haryana,2022,1,gurugram,2929873
1741,haryana,2022,1,faridabad,1654074
1742,haryana,2022,1,hisar,689980
1743,haryana,2022,1,sonipat,626016
1744,haryana,2022,1,rewari,595001
1745,haryana,2022,1,panipat,556104
1746,haryana,2022,1,karnal,527415
1747,haryana,2022,1,jhajjar,445888
1748,haryana,2022,1,palwal,441872
1749,haryana,2022,1,rohtak,432623
1750,haryana,2022,2,gurugram,3088176
1751,haryana,2022,2,faridabad,1743764
1752,haryana,2022,2,hisar,727942
1753,haryana,2022,2,sonipat,661278
1754,haryana,2022,2,rewari,628614
1755,haryana,2022,2,panipat,587006
1756,haryana,2022,2,karnal,555939
1757,haryana,2022,2,jhajjar,471357
1758,haryana,2022,2,palwal,466861
1759,haryana,2022,2,rohtak,456537
1760,haryana,2022,3,gurugram,3251792
1761,haryana,2022,3,faridabad,1837594
1762,haryana,2022,3,hisar,766206
1763,haryana,2022,3,sonipat,697349
1764,haryana,2022,3,rewari,663418
1765,haryana,2022,3,panipat,618937
1766,haryana,2022,3,karnal,584928
1767,haryana,2022,3,jhajjar,497580
1768,haryana,2022,3,palwal,492837
1769,haryana,2022,3,rohtak,481082
1770,haryana,2022,4,gurugram,3416098
1771,haryana,2022,4,faridabad,1930743
1772,haryana,2022,4,hisar,801156
1773,haryana,2022,4,sonipat,731324
1774,haryana,2022,4,rewari,696113
1775,haryana,2022,4,panipat,649292
1776,haryana,2022,4,karnal,611868
1777,haryana,2022,4,jhajjar,521692
1778,haryana,2022,4,palwal,516553
1779,haryana,2022,4,rohtak,504058
1780,himachal-pradesh,2018,1,solan,50035
1781,himachal-pradesh,2018,1,kangra,39016
1782,himachal-pradesh,2018,1,shimla,28214
1783,himachal-pradesh,2018,1,mandi,26238
1784,himachal-pradesh,2018,1,sirmaur,15880
1785,himachal-pradesh,2018,1,hamirpur,15614
1786,himachal-pradesh,2018,1,kullu,15318
1787,himachal-pradesh,2018,1,una,13234
1788,himachal-pradesh,2018,1,bilaspur,11975
1789,himachal-pradesh,2018,1,chamba,8678
1790,himachal-pradesh,2018,2,solan,68950
1791,himachal-pradesh,2018,2,kangra,54828
1792,himachal-pradesh,2018,2,shimla,38590
1793,himachal-pradesh,2018,2,mandi,36126
1794,himachal-pradesh,2018,2,sirmaur,22379
1795,himachal-pradesh,2018,2,hamirpur,21374
1796,himachal-pradesh,2018,2,kullu,21077
1797,himachal-pradesh,2018,2,una,18691
1798,himachal-pradesh,2018,2,bilaspur,16531
1799,himachal-pradesh,2018,2,chamba,12259
1800,himachal-pradesh,2018,3,solan,88724
1801,himachal-pradesh,2018,3,kangra,71494
1802,himachal-pradesh,2018,3,shimla,49820
1803,himachal-pradesh,2018,3,mandi,45876
1804,himachal-pradesh,2018,3,sirmaur,28959
1805,himachal-pradesh,2018,3,hamirpur,27915
1806,himachal-pradesh,2018,3,kullu,26840
1807,himachal-pradesh,2018,3,una,24952
1808,himachal-pradesh,2018,3,bilaspur,21030
1809,himachal-pradesh,2018,3,chamba,16157
1810,himachal-pradesh,2018,4,solan,113278
1811,himachal-pradesh,2018,4,kangra,92887
1812,himachal-pradesh,2018,4,shimla,64640
1813,himachal-pradesh,2018,4,mandi,58526
1814,himachal-pradesh,2018,4,sirmaur,38194
1815,himachal-pradesh,2018,4,hamirpur,35979
1816,himachal-pradesh,2018,4,kullu,34719
1817,himachal-pradesh,2018,4,una,32451
1818,himachal-pradesh,2018,4,bilaspur,26517
1819,himachal-pradesh,2018,4,chamba,21538
1820,himachal-pradesh,2019,1,solan,139300
1821,himachal-pradesh,2019,1,kangra,115120
1822,himachal-pradesh,2019,1,shimla,80651
1823,himachal-pradesh,2019,1,mandi,72963
1824,himachal-pradesh,2019,1,sirmaur,47638
1825,himachal-pradesh,2019,1,hamirpur,44206
1826,himachal-pradesh,2019,1,kullu,43436
1827,himachal-pradesh,2019,1,una,40315
1828,himachal-pradesh,2019,1,bilaspur,32537
1829,himachal-pradesh,2019,1,chamba,27481
1830,himachal-pradesh,2019,2,solan,159989
1831,himachal-pradesh,2019,2,kangra,139517
1832,himachal-pradesh,2019,2,shimla,96928
1833,himachal-pradesh,2019,2,mandi,86701
1834,himachal-pradesh,2019,2,sirmaur,55409
1835,himachal-pradesh,2019,2,kullu,51977
1836,himachal-pradesh,2019,2,hamirpur,51669
1837,himachal-pradesh,2019,2,una,47644
1838,himachal-pradesh,2019,2,bilaspur,38131
1839,himachal-pradesh,2019,2,chamba,33377
1840,himachal-pradesh,2019,3,solan,178922
1841,himachal-pradesh,2019,3,kangra,160161
1842,himachal-pradesh,2019,3,shimla,110575
1843,himachal-pradesh,2019,3,mandi,98589
1844,himachal-pradesh,2019,3,sirmaur,62048
1845,himachal-pradesh,2019,3,kullu,59192
1846,himachal-pradesh,2019,3,hamirpur,58950
1847,himachal-pradesh,2019,3,una,54164
1848,himachal-pradesh,2019,3,bilaspur,43115
1849,himachal-pradesh,2019,3,chamba,37974
1850,himachal-pradesh,2019,4,solan,198962
1851,himachal-pradesh,2019,4,kangra,181133
1852,himachal-pradesh,2019,4,shimla,124960
1853,himachal-pradesh,2019,4,mandi,111017
1854,himachal-pradesh,2019,4,sirmaur,69583
1855,himachal-pradesh,2019,4,kullu,66640
1856,himachal-pradesh,2019,4,hamirpur,66179
1857,himachal-pradesh,2019,4,una,61055
1858,himachal-pradesh,2019,4,bilaspur,48453
1859,himachal-pradesh,2019,4,chamba,43715
1860,himachal-pradesh,2020,1,solan,220293
1861,himachal-pradesh,2020,1,kangra,205367
1862,himachal-pradesh,2020,1,shimla,139890
1863,himachal-pradesh,2020,1,mandi,124971
1864,himachal-pradesh,2020,1,sirmaur,77972
1865,himachal-pradesh,2020,1,kullu,74668
1866,himachal-pradesh,2020,1,hamirpur,73945
1867,himachal-pradesh,2020,1,una,68564
1868,himachal-pradesh,2020,1,bilaspur,54024
1869,himachal-pradesh,2020,1,chamba,50169
1870,himachal-pradesh,2020,2,solan,243732
1871,himachal-pradesh,2020,2,kangra,235773
1872,himachal-pradesh,2020,2,shimla,156539
1873,himachal-pradesh,2020,2,mandi,142668
1874,himachal-pradesh,2020,2,sirmaur,88117
1875,himachal-pradesh,2020,2,hamirpur,84216
1876,himachal-pradesh,2020,2,kullu,82616
1877,himachal-pradesh,2020,2,una,78363
1878,himachal-pradesh,2020,2,bilaspur,61050
1879,himachal-pradesh,2020,2,chamba,58362
1880,himachal-pradesh,2020,3,solan,265701
1881,himachal-pradesh,2020,3,kangra,261293
1882,himachal-pradesh,2020,3,shimla,172418
1883,himachal-pradesh,2020,3,mandi,158237
1884,himachal-pradesh,2020,3,sirmaur,97464
1885,himachal-pradesh,2020,3,hamirpur,93465
1886,himachal-pradesh,2020,3,kullu,90699
1887,himachal-pradesh,2020,3,una,86177
1888,himachal-pradesh,2020,3,bilaspur,67233
1889,himachal-pradesh,2020,3,chamba,65214
1890,himachal-pradesh,2020,4,solan,289889
1891,himachal-pradesh,2020,4,kangra,285210
1892,himachal-pradesh,2020,4,shimla,189005
1893,himachal-pradesh,2020,4,mandi,173403
1894,himachal-pradesh,2020,4,sirmaur,107144
1895,himachal-pradesh,2020,4,hamirpur,101825
1896,himachal-pradesh,2020,4,kullu,99814
1897,himachal-pradesh,2020,4,una,93778
1898,himachal-pradesh,2020,4,bilaspur,73296
1899,himachal-pradesh,2020,4,chamba,72124
1900,himachal-pradesh,2021,1,solan,312360
1901,himachal-pradesh,2021,1,kangra,306531
1902,himachal-pradesh,2021,1,shimla,202911
1903,himachal-pradesh,2021,1,mandi,186340
1904,himachal-pradesh,2021,1,sirmaur,115705
1905,himachal-pradesh,2021,1,hamirpur,109372
1906,himachal-pradesh,2021,1,kullu,107536
1907,himachal-pradesh,2021,1,una,100832
1908,himachal-pradesh,2021,1,bilaspur,78663
1909,himachal-pradesh,2021,1,chamba,77599
1910,himachal-pradesh,2021,2,solan,334716
1911,himachal-pradesh,2021,2,kangra,329232
1912,himachal-pradesh,2021,2,shimla,218068
1913,himachal-pradesh,2021,2,mandi,200277
1914,himachal-pradesh,2021,2,sirmaur,124764
1915,himachal-pradesh,2021,2,hamirpur,117381
1916,himachal-pradesh,2021,2,kullu,115278
1917,himachal-pradesh,2021,2,una,108338
1918,himachal-pradesh,2021,2,bilaspur,84508
1919,himachal-pradesh,2021,2,chamba,83542
1920,himachal-pradesh,2021,3,solan,360324
1921,himachal-pradesh,2021,3,kangra,355274
1922,himachal-pradesh,2021,3,shimla,235163
1923,himachal-pradesh,2021,3,mandi,216188
1924,himachal-pradesh,2021,3,sirmaur,134870
1925,himachal-pradesh,2021,3,hamirpur,126753
1926,himachal-pradesh,2021,3,kullu,124078
1927,himachal-pradesh,2021,3,una,116973
1928,himachal-pradesh,2021,3,bilaspur,91291
1929,himachal-pradesh,2021,3,chamba,90344
1930,himachal-pradesh,2021,4,solan,385901
1931,himachal-pradesh,2021,4,kangra,380492
1932,himachal-pradesh,2021,4,shimla,251745
1933,himachal-pradesh,2021,4,mandi,231360
1934,himachal-pradesh,2021,4,sirmaur,144716
1935,himachal-pradesh,2021,4,hamirpur,135670
1936,himachal-pradesh,2021,4,kullu,132702
1937,himachal-pradesh,2021,4,una,125192
1938,himachal-pradesh,2021,4,bilaspur,97687
1939,himachal-pradesh,2021,4,chamba,96745
1940,himachal-pradesh,2022,1,solan,410487
1941,himachal-pradesh,2022,1,kangra,405048
1942,himachal-pradesh,2022,1,shimla,267642
1943,himachal-pradesh,2022,1,mandi,246307
1944,himachal-pradesh,2022,1,sirmaur,154267
1945,himachal-pradesh,2022,1,hamirpur,144434
1946,himachal-pradesh,2022,1,kullu,141024
1947,himachal-pradesh,2022,1,una,133249
1948,himachal-pradesh,2022,1,bilaspur,104121
1949,himachal-pradesh,2022,1,chamba,103270
1950,himachal-pradesh,2022,2,solan,433753
1951,himachal-pradesh,2022,2,kangra,427676
1952,himachal-pradesh,2022,2,shimla,282560
1953,himachal-pradesh,2022,2,mandi,260233
1954,himachal-pradesh,2022,2,sirmaur,163150
1955,himachal-pradesh,2022,2,hamirpur,152759
1956,himachal-pradesh,2022,2,kullu,148844
1957,himachal-pradesh,2022,2,una,140791
1958,himachal-pradesh,2022,2,bilaspur,110019
1959,himachal-pradesh,2022,2,chamba,109087
1960,himachal-pradesh,2022,3,solan,457393
1961,himachal-pradesh,2022,3,kangra,449619
1962,himachal-pradesh,2022,3,shimla,296508
1963,himachal-pradesh,2022,3,mandi,273475
1964,himachal-pradesh,2022,3,sirmaur,171743
1965,himachal-pradesh,2022,3,hamirpur,160759
1966,himachal-pradesh,2022,3,kullu,156387
1967,himachal-pradesh,2022,3,una,148148
1968,himachal-pradesh,2022,3,bilaspur,115654
1969,himachal-pradesh,2022,3,chamba,114576
1970,himachal-pradesh,2022,4,solan,479537
1971,himachal-pradesh,2022,4,kangra,468410
1972,himachal-pradesh,2022,4,shimla,308448
1973,himachal-pradesh,2022,4,mandi,284425
1974,himachal-pradesh,2022,4,sirmaur,179223
1975,himachal-pradesh,2022,4,hamirpur,167686
1976,himachal-pradesh,2022,4,kullu,162922
1977,himachal-pradesh,2022,4,una,154314
1978,himachal-pradesh,2022,4,bilaspur,120345
1979,himachal-pradesh,2022,4,chamba,118985
1980,jammu-&-kashmir,2018,1,jammu,45294
1981,jammu-&-kashmir,2018,1,srinagar,18233
1982,jammu-&-kashmir,2018,1,baramulla,16299
1983,jammu-&-kashmir,2018,1,budgam,11594
1984,jammu-&-kashmir,2018,1,anantnag,11556
1985,jammu-&-kashmir,2018,1,udhampur,8457
1986,jammu-&-kashmir,2018,1,pulwama,8441
1987,jammu-&-kashmir,2018,1,kathua,8039
1988,jammu-&-kashmir,2018,1,kupwara,7254
1989,jammu-&-kashmir,2018,1,samba,6534
1990,jammu-&-kashmir,2018,2,jammu,64681
1991,jammu-&-kashmir,2018,2,srinagar,27035
1992,jammu-&-kashmir,2018,2,baramulla,25870
1993,jammu-&-kashmir,2018,2,budgam,17809
1994,jammu-&-kashmir,2018,2,anantnag,16373
1995,jammu-&-kashmir,2018,2,pulwama,12218
1996,jammu-&-kashmir,2018,2,udhampur,12195
1997,jammu-&-kashmir,2018,2,kathua,11778
1998,jammu-&-kashmir,2018,2,kupwara,11482
1999,jammu-&-kashmir,2018,2,samba,9601
2000,jammu-&-kashmir,2018,3,jammu,86877
2001,jammu-&-kashmir,2018,3,srinagar,35583
2002,jammu-&-kashmir,2018,3,baramulla,31069
2003,jammu-&-kashmir,2018,3,budgam,22301
2004,jammu-&-kashmir,2018,3,anantnag,20234
2005,jammu-&-kashmir,2018,3,udhampur,16058
2006,jammu-&-kashmir,2018,3,kathua,15849
2007,jammu-&-kashmir,2018,3,kupwara,15754
2008,jammu-&-kashmir,2018,3,pulwama,15427
2009,jammu-&-kashmir,2018,3,samba,13304
2010,jammu-&-kashmir,2018,4,jammu,113005
2011,jammu-&-kashmir,2018,4,srinagar,44328
2012,jammu-&-kashmir,2018,4,baramulla,37661
2013,jammu-&-kashmir,2018,4,budgam,27710
2014,jammu-&-kashmir,2018,4,anantnag,24448
2015,jammu-&-kashmir,2018,4,udhampur,21123
2016,jammu-&-kashmir,2018,4,kathua,21030
2017,jammu-&-kashmir,2018,4,kupwara,20492
2018,jammu-&-kashmir,2018,4,pulwama,18846
2019,jammu-&-kashmir,2018,4,samba,17595
2020,jammu-&-kashmir,2019,1,jammu,134408
2021,jammu-&-kashmir,2019,1,srinagar,52762
2022,jammu-&-kashmir,2019,1,baramulla,45150
2023,jammu-&-kashmir,2019,1,budgam,34255
2024,jammu-&-kashmir,2019,1,anantnag,30103
2025,jammu-&-kashmir,2019,1,kathua,25620
2026,jammu-&-kashmir,2019,1,kupwara,25544
2027,jammu-&-kashmir,2019,1,udhampur,25515
2028,jammu-&-kashmir,2019,1,pulwama,23230
2029,jammu-&-kashmir,2019,1,samba,21495
2030,jammu-&-kashmir,2019,2,jammu,160241
2031,jammu-&-kashmir,2019,2,srinagar,62190
2032,jammu-&-kashmir,2019,2,baramulla,53196
2033,jammu-&-kashmir,2019,2,budgam,39965
2034,jammu-&-kashmir,2019,2,anantnag,35488
2035,jammu-&-kashmir,2019,2,kupwara,30791
2036,jammu-&-kashmir,2019,2,kathua,30602
2037,jammu-&-kashmir,2019,2,udhampur,29856
2038,jammu-&-kashmir,2019,2,pulwama,27167
2039,jammu-&-kashmir,2019,2,samba,25990
2040,jammu-&-kashmir,2019,3,jammu,169849
2041,jammu-&-kashmir,2019,3,srinagar,64758
2042,jammu-&-kashmir,2019,3,baramulla,54404
2043,jammu-&-kashmir,2019,3,budgam,41004
2044,jammu-&-kashmir,2019,3,anantnag,36371
2045,jammu-&-kashmir,2019,3,kupwara,32431
2046,jammu-&-kashmir,2019,3,kathua,32213
2047,jammu-&-kashmir,2019,3,udhampur,31297
2048,jammu-&-kashmir,2019,3,pulwama,27963
2049,jammu-&-kashmir,2019,3,samba,27579
2050,jammu-&-kashmir,2019,4,jammu,174858
2051,jammu-&-kashmir,2019,4,srinagar,65611
2052,jammu-&-kashmir,2019,4,baramulla,55042
2053,jammu-&-kashmir,2019,4,budgam,41377
2054,jammu-&-kashmir,2019,4,anantnag,36725
2055,jammu-&-kashmir,2019,4,kathua,33481
2056,jammu-&-kashmir,2019,4,kupwara,33279
2057,jammu-&-kashmir,2019,4,udhampur,32252
2058,jammu-&-kashmir,2019,4,pulwama,28336
2059,jammu-&-kashmir,2019,4,samba,28333
2060,jammu-&-kashmir,2020,1,jammu,191031
2061,jammu-&-kashmir,2020,1,srinagar,70755
2062,jammu-&-kashmir,2020,1,baramulla,59123
2063,jammu-&-kashmir,2020,1,budgam,44636
2064,jammu-&-kashmir,2020,1,anantnag,39513
2065,jammu-&-kashmir,2020,1,kathua,37300
2066,jammu-&-kashmir,2020,1,kupwara,36690
2067,jammu-&-kashmir,2020,1,udhampur,35408
2068,jammu-&-kashmir,2020,1,samba,31570
2069,jammu-&-kashmir,2020,1,pulwama,30796
2070,jammu-&-kashmir,2020,2,jammu,220805
2071,jammu-&-kashmir,2020,2,srinagar,78458
2072,jammu-&-kashmir,2020,2,baramulla,66095
2073,jammu-&-kashmir,2020,2,budgam,49962
2074,jammu-&-kashmir,2020,2,kathua,44719
2075,jammu-&-kashmir,2020,2,anantnag,44423
2076,jammu-&-kashmir,2020,2,kupwara,41855
2077,jammu-&-kashmir,2020,2,udhampur,41813
2078,jammu-&-kashmir,2020,2,samba,37600
2079,jammu-&-kashmir,2020,2,pulwama,34565
2080,jammu-&-kashmir,2020,3,jammu,248814
2081,jammu-&-kashmir,2020,3,srinagar,87182
2082,jammu-&-kashmir,2020,3,baramulla,73162
2083,jammu-&-kashmir,2020,3,budgam,55153
2084,jammu-&-kashmir,2020,3,kathua,50914
2085,jammu-&-kashmir,2020,3,anantnag,49443
2086,jammu-&-kashmir,2020,3,udhampur,47399
2087,jammu-&-kashmir,2020,3,kupwara,47288
2088,jammu-&-kashmir,2020,3,samba,42915
2089,jammu-&-kashmir,2020,3,pulwama,38434
2090,jammu-&-kashmir,2020,4,jammu,282463
2091,jammu-&-kashmir,2020,4,srinagar,98923
2092,jammu-&-kashmir,2020,4,baramulla,83119
2093,jammu-&-kashmir,2020,4,budgam,62364
2094,jammu-&-kashmir,2020,4,kathua,57651
2095,jammu-&-kashmir,2020,4,anantnag,56211
2096,jammu-&-kashmir,2020,4,kupwara,54447
2097,jammu-&-kashmir,2020,4,udhampur,53803
2098,jammu-&-kashmir,2020,4,samba,48775
2099,jammu-&-kashmir,2020,4,rajouri,43240
2100,jammu-&-kashmir,2021,1,jammu,307670
2101,jammu-&-kashmir,2021,1,srinagar,107147
2102,jammu-&-kashmir,2021,1,baramulla,90607
2103,jammu-&-kashmir,2021,1,budgam,67920
2104,jammu-&-kashmir,2021,1,kathua,62777
2105,jammu-&-kashmir,2021,1,anantnag,61151
2106,jammu-&-kashmir,2021,1,kupwara,59485
2107,jammu-&-kashmir,2021,1,udhampur,58664
2108,jammu-&-kashmir,2021,1,samba,53123
2109,jammu-&-kashmir,2021,1,rajouri,47092
2110,jammu-&-kashmir,2021,2,jammu,329625
2111,jammu-&-kashmir,2021,2,srinagar,114498
2112,jammu-&-kashmir,2021,2,baramulla,97258
2113,jammu-&-kashmir,2021,2,budgam,72750
2114,jammu-&-kashmir,2021,2,kathua,67569
2115,jammu-&-kashmir,2021,2,anantnag,65592
2116,jammu-&-kashmir,2021,2,kupwara,63957
2117,jammu-&-kashmir,2021,2,udhampur,63296
2118,jammu-&-kashmir,2021,2,samba,57066
2119,jammu-&-kashmir,2021,2,rajouri,50772
2120,jammu-&-kashmir,2021,3,jammu,354280
2121,jammu-&-kashmir,2021,3,srinagar,122752
2122,jammu-&-kashmir,2021,3,baramulla,104763
2123,jammu-&-kashmir,2021,3,budgam,78298
2124,jammu-&-kashmir,2021,3,kathua,73280
2125,jammu-&-kashmir,2021,3,anantnag,70633
2126,jammu-&-kashmir,2021,3,kupwara,69102
2127,jammu-&-kashmir,2021,3,udhampur,68452
2128,jammu-&-kashmir,2021,3,samba,61677
2129,jammu-&-kashmir,2021,3,rajouri,55013
2130,jammu-&-kashmir,2021,4,jammu,378618
2131,jammu-&-kashmir,2021,4,srinagar,130968
2132,jammu-&-kashmir,2021,4,baramulla,112175
2133,jammu-&-kashmir,2021,4,budgam,83726
2134,jammu-&-kashmir,2021,4,kathua,78693
2135,jammu-&-kashmir,2021,4,anantnag,75622
2136,jammu-&-kashmir,2021,4,kupwara,74136
2137,jammu-&-kashmir,2021,4,udhampur,73525
2138,jammu-&-kashmir,2021,4,samba,66057
2139,jammu-&-kashmir,2021,4,rajouri,59304
2140,jammu-&-kashmir,2022,1,jammu,401675
2141,jammu-&-kashmir,2022,1,srinagar,138727
2142,jammu-&-kashmir,2022,1,baramulla,119475
2143,jammu-&-kashmir,2022,1,budgam,88994
2144,jammu-&-kashmir,2022,1,kathua,83944
2145,jammu-&-kashmir,2022,1,anantnag,80434
2146,jammu-&-kashmir,2022,1,kupwara,78894
2147,jammu-&-kashmir,2022,1,udhampur,78353
2148,jammu-&-kashmir,2022,1,samba,70288
2149,jammu-&-kashmir,2022,1,rajouri,63232
2150,jammu-&-kashmir,2022,2,jammu,423398
2151,jammu-&-kashmir,2022,2,srinagar,146169
2152,jammu-&-kashmir,2022,2,baramulla,126067
2153,jammu-&-kashmir,2022,2,budgam,93893
2154,jammu-&-kashmir,2022,2,kathua,88764
2155,jammu-&-kashmir,2022,2,anantnag,84898
2156,jammu-&-kashmir,2022,2,kupwara,83470
2157,jammu-&-kashmir,2022,2,udhampur,82705
2158,jammu-&-kashmir,2022,2,samba,74186
2159,jammu-&-kashmir,2022,2,rajouri,66893
2160,jammu-&-kashmir,2022,3,jammu,445345
2161,jammu-&-kashmir,2022,3,srinagar,153729
2162,jammu-&-kashmir,2022,3,baramulla,132526
2163,jammu-&-kashmir,2022,3,budgam,98698
2164,jammu-&-kashmir,2022,3,kathua,93084
2165,jammu-&-kashmir,2022,3,anantnag,89184
2166,jammu-&-kashmir,2022,3,kupwara,87867
2167,jammu-&-kashmir,2022,3,udhampur,86915
2168,jammu-&-kashmir,2022,3,samba,78092
2169,jammu-&-kashmir,2022,3,rajouri,70231
2170,jammu-&-kashmir,2022,4,jammu,465635
2171,jammu-&-kashmir,2022,4,srinagar,160924
2172,jammu-&-kashmir,2022,4,baramulla,138215
2173,jammu-&-kashmir,2022,4,budgam,103056
2174,jammu-&-kashmir,2022,4,kathua,96688
2175,jammu-&-kashmir,2022,4,anantnag,93107
2176,jammu-&-kashmir,2022,4,kupwara,91691
2177,jammu-&-kashmir,2022,4,udhampur,90677
2178,jammu-&-kashmir,2022,4,samba,81447
2179,jammu-&-kashmir,2022,4,rajouri,72921
2180,jharkhand,2018,1,ranchi,159444
2181,jharkhand,2018,1,dhanbad,130195
2182,jharkhand,2018,1,east singhbhum,103016
2183,jharkhand,2018,1,bokaro,101673
2184,jharkhand,2018,1,hazaribagh,56421
2185,jharkhand,2018,1,giridih,45940
2186,jharkhand,2018,1,ramgarh,37875
2187,jharkhand,2018,1,deoghar,35229
2188,jharkhand,2018,1,palamu,31788
2189,jharkhand,2018,1,saraikela kharsawan,31177
2190,jharkhand,2018,2,ranchi,216019
2191,jharkhand,2018,2,dhanbad,181348
2192,jharkhand,2018,2,east singhbhum,142493
2193,jharkhand,2018,2,bokaro,139675
2194,jharkhand,2018,2,hazaribagh,78856
2195,jharkhand,2018,2,giridih,63248
2196,jharkhand,2018,2,ramgarh,51846
2197,jharkhand,2018,2,deoghar,50575
2198,jharkhand,2018,2,palamu,45659
2199,jharkhand,2018,2,saraikela kharsawan,43186
2200,jharkhand,2018,3,ranchi,265341
2201,jharkhand,2018,3,dhanbad,219103
2202,jharkhand,2018,3,east singhbhum,176668
2203,jharkhand,2018,3,bokaro,167183
2204,jharkhand,2018,3,hazaribagh,99502
2205,jharkhand,2018,3,giridih,80440
2206,jharkhand,2018,3,deoghar,63814
2207,jharkhand,2018,3,ramgarh,63704
2208,jharkhand,2018,3,palamu,59382
2209,jharkhand,2018,3,saraikela kharsawan,54706
2210,jharkhand,2018,4,ranchi,326599
2211,jharkhand,2018,4,dhanbad,268439
2212,jharkhand,2018,4,east singhbhum,217406
2213,jharkhand,2018,4,bokaro,202242
2214,jharkhand,2018,4,hazaribagh,126167
2215,jharkhand,2018,4,giridih,103118
2216,jharkhand,2018,4,deoghar,80669
2217,jharkhand,2018,4,ramgarh,78772
2218,jharkhand,2018,4,palamu,77478
2219,jharkhand,2018,4,saraikela kharsawan,68611
2220,jharkhand,2019,1,ranchi,386608
2221,jharkhand,2019,1,dhanbad,313255
2222,jharkhand,2019,1,east singhbhum,256344
2223,jharkhand,2019,1,bokaro,235969
2224,jharkhand,2019,1,hazaribagh,151904
2225,jharkhand,2019,1,giridih,123889
2226,jharkhand,2019,1,deoghar,97449
2227,jharkhand,2019,1,palamu,94917
2228,jharkhand,2019,1,ramgarh,93606
2229,jharkhand,2019,1,saraikela kharsawan,81052
2230,jharkhand,2019,2,ranchi,441616
2231,jharkhand,2019,2,dhanbad,350861
2232,jharkhand,2019,2,east singhbhum,293761
2233,jharkhand,2019,2,bokaro,263361
2234,jharkhand,2019,2,hazaribagh,174278
2235,jharkhand,2019,2,giridih,140800
2236,jharkhand,2019,2,deoghar,115129
2237,jharkhand,2019,2,palamu,109508
2238,jharkhand,2019,2,ramgarh,106681
2239,jharkhand,2019,2,saraikela kharsawan,91579
2240,jharkhand,2019,3,ranchi,495155
2241,jharkhand,2019,3,dhanbad,388528
2242,jharkhand,2019,3,east singhbhum,329319
2243,jharkhand,2019,3,bokaro,290252
2244,jharkhand,2019,3,hazaribagh,196452
2245,jharkhand,2019,3,giridih,155689
2246,jharkhand,2019,3,deoghar,132603
2247,jharkhand,2019,3,palamu,123609
2248,jharkhand,2019,3,ramgarh,119804
2249,jharkhand,2019,3,saraikela kharsawan,101247
2250,jharkhand,2019,4,ranchi,548293
2251,jharkhand,2019,4,dhanbad,436201
2252,jharkhand,2019,4,east singhbhum,364379
2253,jharkhand,2019,4,bokaro,322689
2254,jharkhand,2019,4,hazaribagh,222038
2255,jharkhand,2019,4,giridih,175648
2256,jharkhand,2019,4,deoghar,155132
2257,jharkhand,2019,4,palamu,141817
2258,jharkhand,2019,4,ramgarh,134423
2259,jharkhand,2019,4,saraikela kharsawan,112827
2260,jharkhand,2020,1,ranchi,602664
2261,jharkhand,2020,1,dhanbad,479075
2262,jharkhand,2020,1,east singhbhum,398663
2263,jharkhand,2020,1,bokaro,352220
2264,jharkhand,2020,1,hazaribagh,248710
2265,jharkhand,2020,1,giridih,195939
2266,jharkhand,2020,1,deoghar,179746
2267,jharkhand,2020,1,palamu,161215
2268,jharkhand,2020,1,ramgarh,149467
2269,jharkhand,2020,1,saraikela kharsawan,124479
2270,jharkhand,2020,2,ranchi,658759
2271,jharkhand,2020,2,dhanbad,519732
2272,jharkhand,2020,2,east singhbhum,434360
2273,jharkhand,2020,2,bokaro,380895
2274,jharkhand,2020,2,hazaribagh,276976
2275,jharkhand,2020,2,giridih,220721
2276,jharkhand,2020,2,deoghar,210740
2277,jharkhand,2020,2,palamu,183579
2278,jharkhand,2020,2,ramgarh,165378
2279,jharkhand,2020,2,saraikela kharsawan,136923
2280,jharkhand,2020,3,ranchi,722352
2281,jharkhand,2020,3,dhanbad,564484
2282,jharkhand,2020,3,east singhbhum,476881
2283,jharkhand,2020,3,bokaro,412560
2284,jharkhand,2020,3,hazaribagh,306623
2285,jharkhand,2020,3,giridih,242810
2286,jharkhand,2020,3,deoghar,238221
2287,jharkhand,2020,3,palamu,204809
2288,jharkhand,2020,3,ramgarh,182149
2289,jharkhand,2020,3,saraikela kharsawan,150480
2290,jharkhand,2020,4,ranchi,791146
2291,jharkhand,2020,4,dhanbad,614521
2292,jharkhand,2020,4,east singhbhum,520692
2293,jharkhand,2020,4,bokaro,446968
2294,jharkhand,2020,4,hazaribagh,337622
2295,jharkhand,2020,4,giridih,266388
2296,jharkhand,2020,4,deoghar,261144
2297,jharkhand,2020,4,palamu,227735
2298,jharkhand,2020,4,ramgarh,199908
2299,jharkhand,2020,4,saraikela kharsawan,165120
2300,jharkhand,2021,1,ranchi,853943
2301,jharkhand,2021,1,dhanbad,661077
2302,jharkhand,2021,1,east singhbhum,560083
2303,jharkhand,2021,1,bokaro,480036
2304,jharkhand,2021,1,hazaribagh,366460
2305,jharkhand,2021,1,giridih,288800
2306,jharkhand,2021,1,deoghar,281799
2307,jharkhand,2021,1,palamu,247954
2308,jharkhand,2021,1,ramgarh,216188
2309,jharkhand,2021,1,saraikela kharsawan,177952
2310,jharkhand,2021,2,ranchi,913972
2311,jharkhand,2021,2,dhanbad,707255
2312,jharkhand,2021,2,east singhbhum,598988
2313,jharkhand,2021,2,bokaro,513303
2314,jharkhand,2021,2,hazaribagh,393223
2315,jharkhand,2021,2,giridih,311161
2316,jharkhand,2021,2,deoghar,302724
2317,jharkhand,2021,2,palamu,267081
2318,jharkhand,2021,2,ramgarh,231819
2319,jharkhand,2021,2,saraikela kharsawan,190784
2320,jharkhand,2021,3,ranchi,982147
2321,jharkhand,2021,3,dhanbad,759888
2322,jharkhand,2021,3,east singhbhum,642805
2323,jharkhand,2021,3,bokaro,551517
2324,jharkhand,2021,3,hazaribagh,424328
2325,jharkhand,2021,3,giridih,337529
2326,jharkhand,2021,3,deoghar,327586
2327,jharkhand,2021,3,palamu,289617
2328,jharkhand,2021,3,ramgarh,250016
2329,jharkhand,2021,3,saraikela kharsawan,205625
2330,jharkhand,2021,4,ranchi,1050479
2331,jharkhand,2021,4,dhanbad,812467
2332,jharkhand,2021,4,east singhbhum,686766
2333,jharkhand,2021,4,bokaro,589361
2334,jharkhand,2021,4,hazaribagh,455411
2335,jharkhand,2021,4,giridih,362829
2336,jharkhand,2021,4,deoghar,351728
2337,jharkhand,2021,4,palamu,311702
2338,jharkhand,2021,4,ramgarh,267710
2339,jharkhand,2021,4,saraikela kharsawan,220378
2340,jharkhand,2022,1,ranchi,1115386
2341,jharkhand,2022,1,dhanbad,862955
2342,jharkhand,2022,1,east singhbhum,728043
2343,jharkhand,2022,1,bokaro,626182
2344,jharkhand,2022,1,hazaribagh,485388
2345,jharkhand,2022,1,giridih,387949
2346,jharkhand,2022,1,deoghar,375345
2347,jharkhand,2022,1,palamu,333409
2348,jharkhand,2022,1,ramgarh,284993
2349,jharkhand,2022,1,saraikela kharsawan,234284
2350,jharkhand,2022,2,ranchi,1176707
2351,jharkhand,2022,2,dhanbad,910885
2352,jharkhand,2022,2,east singhbhum,767451
2353,jharkhand,2022,2,bokaro,661123
2354,jharkhand,2022,2,hazaribagh,513316
2355,jharkhand,2022,2,giridih,411014
2356,jharkhand,2022,2,deoghar,397542
2357,jharkhand,2022,2,palamu,353653
2358,jharkhand,2022,2,ramgarh,301481
2359,jharkhand,2022,2,saraikela kharsawan,247346
2360,jharkhand,2022,3,ranchi,1240013
2361,jharkhand,2022,3,dhanbad,961257
2362,jharkhand,2022,3,east singhbhum,808077
2363,jharkhand,2022,3,bokaro,697249
2364,jharkhand,2022,3,hazaribagh,542145
2365,jharkhand,2022,3,giridih,434250
2366,jharkhand,2022,3,deoghar,420404
2367,jharkhand,2022,3,palamu,374369
2368,jharkhand,2022,3,ramgarh,318524
2369,jharkhand,2022,3,saraikela kharsawan,260605
2370,jharkhand,2022,4,ranchi,1301412
2371,jharkhand,2022,4,dhanbad,1009397
2372,jharkhand,2022,4,east singhbhum,847360
2373,jharkhand,2022,4,bokaro,731714
2374,jharkhand,2022,4,hazaribagh,569551
2375,jharkhand,2022,4,giridih,454873
2376,jharkhand,2022,4,deoghar,441349
2377,jharkhand,2022,4,palamu,393187
2378,jharkhand,2022,4,ramgarh,334310
2379,jharkhand,2022,4,saraikela kharsawan,272780
2380,karnataka,2018,1,bengaluru urban,1922368
2381,karnataka,2018,1,mysuru,150799
2382,karnataka,2018,1,belagavi,140320
2383,karnataka,2018,1,dharwad,106877
2384,karnataka,2018,1,ballari,103566
2385,karnataka,2018,1,bengaluru rural,87955
2386,karnataka,2018,1,dakshina kannada,87491
2387,karnataka,2018,1,tumakuru,82955
2388,karnataka,2018,1,kalaburagi,81933
2389,karnataka,2018,1,vijayapura,68814
2390,karnataka,2018,2,bengaluru urban,2553312
2391,karnataka,2018,2,mysuru,205044
2392,karnataka,2018,2,belagavi,194698
2393,karnataka,2018,2,dharwad,144884
2394,karnataka,2018,2,ballari,140995
2395,karnataka,2018,2,bengaluru rural,121048
2396,karnataka,2018,2,dakshina kannada,118271
2397,karnataka,2018,2,tumakuru,116855
2398,karnataka,2018,2,kalaburagi,113205
2399,karnataka,2018,2,vijayapura,95448
2400,karnataka,2018,3,bengaluru urban,3167597
2401,karnataka,2018,3,mysuru,262075
2402,karnataka,2018,3,belagavi,252307
2403,karnataka,2018,3,dharwad,181324
2404,karnataka,2018,3,ballari,177311
2405,karnataka,2018,3,bengaluru rural,156268
2406,karnataka,2018,3,tumakuru,154217
2407,karnataka,2018,3,dakshina kannada,153231
2408,karnataka,2018,3,kalaburagi,145495
2409,karnataka,2018,3,vijayapura,124561
2410,karnataka,2018,4,bengaluru urban,4126734
2411,karnataka,2018,4,mysuru,341636
2412,karnataka,2018,4,belagavi,328102
2413,karnataka,2018,4,dharwad,230679
2414,karnataka,2018,4,ballari,226336
2415,karnataka,2018,4,bengaluru rural,209778
2416,karnataka,2018,4,tumakuru,203805
2417,karnataka,2018,4,dakshina kannada,202453
2418,karnataka,2018,4,kalaburagi,186668
2419,karnataka,2018,4,vijayapura,160346
2420,karnataka,2019,1,bengaluru urban,5003207
2421,karnataka,2019,1,mysuru,432208
2422,karnataka,2019,1,belagavi,412265
2423,karnataka,2019,1,dharwad,287568
2424,karnataka,2019,1,ballari,281648
2425,karnataka,2019,1,bengaluru rural,267147
2426,karnataka,2019,1,tumakuru,258398
2427,karnataka,2019,1,dakshina kannada,254135
2428,karnataka,2019,1,kalaburagi,230020
2429,karnataka,2019,1,kolar,201909
2430,karnataka,2019,2,bengaluru urban,5694165
2431,karnataka,2019,2,mysuru,517839
2432,karnataka,2019,2,belagavi,492435
2433,karnataka,2019,2,dharwad,342439
2434,karnataka,2019,2,ballari,330704
2435,karnataka,2019,2,bengaluru rural,314610
2436,karnataka,2019,2,tumakuru,312592
2437,karnataka,2019,2,dakshina kannada,306684
2438,karnataka,2019,2,kalaburagi,267907
2439,karnataka,2019,2,kolar,240400
2440,karnataka,2019,3,bengaluru urban,6383771
2441,karnataka,2019,3,mysuru,601068
2442,karnataka,2019,3,belagavi,568340
2443,karnataka,2019,3,dharwad,397243
2444,karnataka,2019,3,ballari,376264
2445,karnataka,2019,3,tumakuru,366543
2446,karnataka,2019,3,dakshina kannada,363240
2447,karnataka,2019,3,bengaluru rural,361924
2448,karnataka,2019,3,kalaburagi,306756
2449,karnataka,2019,3,kolar,277877
2450,karnataka,2019,4,bengaluru urban,7016836
2451,karnataka,2019,4,mysuru,686169
2452,karnataka,2019,4,belagavi,656749
2453,karnataka,2019,4,dharwad,452178
2454,karnataka,2019,4,ballari,429391
2455,karnataka,2019,4,tumakuru,428605
2456,karnataka,2019,4,dakshina kannada,423031
2457,karnataka,2019,4,bengaluru rural,411896
2458,karnataka,2019,4,kalaburagi,355228
2459,karnataka,2019,4,kolar,321279
2460,karnataka,2020,1,bengaluru urban,7564577
2461,karnataka,2020,1,mysuru,764697
2462,karnataka,2020,1,belagavi,746925
2463,karnataka,2020,1,dharwad,502446
2464,karnataka,2020,1,tumakuru,488995
2465,karnataka,2020,1,dakshina kannada,481992
2466,karnataka,2020,1,ballari,481004
2467,karnataka,2020,1,bengaluru rural,455608
2468,karnataka,2020,1,kalaburagi,402676
2469,karnataka,2020,1,kolar,361750
2470,karnataka,2020,2,bengaluru urban,8028070
2471,karnataka,2020,2,belagavi,849149
2472,karnataka,2020,2,mysuru,837003
2473,karnataka,2020,2,dharwad,554235
2474,karnataka,2020,2,tumakuru,552123
2475,karnataka,2020,2,dakshina kannada,543603
2476,karnataka,2020,2,ballari,537204
2477,karnataka,2020,2,bengaluru rural,496292
2478,karnataka,2020,2,kalaburagi,455786
2479,karnataka,2020,2,vijayapura,407483
2480,karnataka,2020,3,bengaluru urban,8611452
2481,karnataka,2020,3,belagavi,951629
2482,karnataka,2020,3,mysuru,923296
2483,karnataka,2020,3,tumakuru,618091
2484,karnataka,2020,3,dakshina kannada,617552
2485,karnataka,2020,3,dharwad,608659
2486,karnataka,2020,3,ballari,595935
2487,karnataka,2020,3,bengaluru rural,543893
2488,karnataka,2020,3,kalaburagi,507894
2489,karnataka,2020,3,vijayapura,458119
2490,karnataka,2020,4,bengaluru urban,9286243
2491,karnataka,2020,4,belagavi,1051934
2492,karnataka,2020,4,mysuru,1015945
2493,karnataka,2020,4,dakshina kannada,690826
2494,karnataka,2020,4,tumakuru,682441
2495,karnataka,2020,4,dharwad,663973
2496,karnataka,2020,4,ballari,654751
2497,karnataka,2020,4,bengaluru rural,593872
2498,karnataka,2020,4,kalaburagi,559718
2499,karnataka,2020,4,vijayapura,504403
2500,karnataka,2021,1,bengaluru urban,9955387
2501,karnataka,2021,1,belagavi,1132987
2502,karnataka,2021,1,mysuru,1094627
2503,karnataka,2021,1,dakshina kannada,746964
2504,karnataka,2021,1,tumakuru,736609
2505,karnataka,2021,1,dharwad,714056
2506,karnataka,2021,1,ballari,705364
2507,karnataka,2021,1,bengaluru rural,639890
2508,karnataka,2021,1,kalaburagi,602937
2509,karnataka,2021,1,vijayapura,543181
2510,karnataka,2021,2,bengaluru urban,10604609
2511,karnataka,2021,2,belagavi,1213293
2512,karnataka,2021,2,mysuru,1168608
2513,karnataka,2021,2,dakshina kannada,798331
2514,karnataka,2021,2,tumakuru,790148
2515,karnataka,2021,2,dharwad,763441
2516,karnataka,2021,2,ballari,755860
2517,karnataka,2021,2,bengaluru rural,684759
2518,karnataka,2021,2,kalaburagi,645639
2519,karnataka,2021,2,vijayapura,582278
2520,karnataka,2021,3,bengaluru urban,11321012
2521,karnataka,2021,3,belagavi,1304051
2522,karnataka,2021,3,mysuru,1250860
2523,karnataka,2021,3,dakshina kannada,855634
2524,karnataka,2021,3,tumakuru,850678
2525,karnataka,2021,3,dharwad,818797
2526,karnataka,2021,3,ballari,814170
2527,karnataka,2021,3,bengaluru rural,735551
2528,karnataka,2021,3,kalaburagi,694567
2529,karnataka,2021,3,vijayapura,627795
2530,karnataka,2021,4,bengaluru urban,12038775
2531,karnataka,2021,4,belagavi,1393290
2532,karnataka,2021,4,mysuru,1332579
2533,karnataka,2021,4,dakshina kannada,912133
2534,karnataka,2021,4,tumakuru,909976
2535,karnataka,2021,4,dharwad,873847
2536,karnataka,2021,4,ballari,871581
2537,karnataka,2021,4,bengaluru rural,785717
2538,karnataka,2021,4,kalaburagi,743146
2539,karnataka,2021,4,vijayapura,672340
2540,karnataka,2022,1,bengaluru urban,12707664
2541,karnataka,2022,1,belagavi,1477767
2542,karnataka,2022,1,mysuru,1410095
2543,karnataka,2022,1,tumakuru,966743
2544,karnataka,2022,1,dakshina kannada,965225
2545,karnataka,2022,1,ballari,926458
2546,karnataka,2022,1,dharwad,925787
2547,karnataka,2022,1,bengaluru rural,833284
2548,karnataka,2022,1,kalaburagi,788989
2549,karnataka,2022,1,vijayapura,714643
2550,karnataka,2022,2,bengaluru urban,13342916
2551,karnataka,2022,2,belagavi,1556041
2552,karnataka,2022,2,mysuru,1482427
2553,karnataka,2022,2,tumakuru,1018947
2554,karnataka,2022,2,dakshina kannada,1014820
2555,karnataka,2022,2,ballari,977999
2556,karnataka,2022,2,dharwad,974500
2557,karnataka,2022,2,bengaluru rural,877678
2558,karnataka,2022,2,kalaburagi,831684
2559,karnataka,2022,2,vijayapura,753598
2560,karnataka,2022,3,bengaluru urban,13997602
2561,karnataka,2022,3,belagavi,1635855
2562,karnataka,2022,3,mysuru,1556384
2563,karnataka,2022,3,tumakuru,1070793
2564,karnataka,2022,3,dakshina kannada,1065741
2565,karnataka,2022,3,ballari,1030428
2566,karnataka,2022,3,dharwad,1024771
2567,karnataka,2022,3,bengaluru rural,924127
2568,karnataka,2022,3,kalaburagi,874282
2569,karnataka,2022,3,vijayapura,792750
2570,karnataka,2022,4,bengaluru urban,14654455
2571,karnataka,2022,4,belagavi,1709145
2572,karnataka,2022,4,mysuru,1627802
2573,karnataka,2022,4,tumakuru,1118547
2574,karnataka,2022,4,dakshina kannada,1112661
2575,karnataka,2022,4,ballari,1079558
2576,karnataka,2022,4,dharwad,1073312
2577,karnataka,2022,4,bengaluru rural,968384
2578,karnataka,2022,4,kalaburagi,913258
2579,karnataka,2022,4,vijayapura,828346
2580,kerala,2018,1,ernakulam,159188
2581,kerala,2018,1,malappuram,86063
2582,kerala,2018,1,kozhikode,83422
2583,kerala,2018,1,thiruvananthapuram,81846
2584,kerala,2018,1,thrissur,67247
2585,kerala,2018,1,kannur,54093
2586,kerala,2018,1,palakkad,51507
2587,kerala,2018,1,kottayam,43142
2588,kerala,2018,1,kollam,41946
2589,kerala,2018,1,alappuzha,39275
2590,kerala,2018,2,ernakulam,211942
2591,kerala,2018,2,thiruvananthapuram,115732
2592,kerala,2018,2,malappuram,110526
2593,kerala,2018,2,kozhikode,110167
2594,kerala,2018,2,thrissur,91046
2595,kerala,2018,2,kannur,72388
2596,kerala,2018,2,palakkad,71303
2597,kerala,2018,2,kottayam,60088
2598,kerala,2018,2,kollam,59777
2599,kerala,2018,2,alappuzha,54864
2600,kerala,2018,3,ernakulam,263779
2601,kerala,2018,3,thiruvananthapuram,147475
2602,kerala,2018,3,kozhikode,136469
2603,kerala,2018,3,malappuram,134338
2604,kerala,2018,3,thrissur,115170
2605,kerala,2018,3,kannur,91537
2606,kerala,2018,3,palakkad,91071
2607,kerala,2018,3,kottayam,77331
2608,kerala,2018,3,kollam,77192
2609,kerala,2018,3,alappuzha,71052
2610,kerala,2018,4,ernakulam,341257
2611,kerala,2018,4,thiruvananthapuram,194677
2612,kerala,2018,4,kozhikode,176204
2613,kerala,2018,4,malappuram,172300
2614,kerala,2018,4,thrissur,151138
2615,kerala,2018,4,palakkad,118587
2616,kerala,2018,4,kannur,117999
2617,kerala,2018,4,kollam,102686
2618,kerala,2018,4,kottayam,100756
2619,kerala,2018,4,alappuzha,93494
2620,kerala,2019,1,ernakulam,409812
2621,kerala,2019,1,thiruvananthapuram,239634
2622,kerala,2019,1,kozhikode,212403
2623,kerala,2019,1,malappuram,206857
2624,kerala,2019,1,thrissur,184516
2625,kerala,2019,1,palakkad,145211
2626,kerala,2019,1,kannur,143289
2627,kerala,2019,1,kollam,125697
2628,kerala,2019,1,kottayam,121975
2629,kerala,2019,1,alappuzha,114882
2630,kerala,2019,2,ernakulam,479320
2631,kerala,2019,2,thiruvananthapuram,288292
2632,kerala,2019,2,kozhikode,251348
2633,kerala,2019,2,malappuram,243384
2634,kerala,2019,2,thrissur,220648
2635,kerala,2019,2,palakkad,174037
2636,kerala,2019,2,kannur,172894
2637,kerala,2019,2,kollam,152841
2638,kerala,2019,2,kottayam,145387
2639,kerala,2019,2,alappuzha,139046
2640,kerala,2019,3,ernakulam,553200
2641,kerala,2019,3,thiruvananthapuram,340900
2642,kerala,2019,3,kozhikode,294333
2643,kerala,2019,3,malappuram,282514
2644,kerala,2019,3,thrissur,259366
2645,kerala,2019,3,kannur,204129
2646,kerala,2019,3,palakkad,202761
2647,kerala,2019,3,kollam,183743
2648,kerala,2019,3,kottayam,169581
2649,kerala,2019,3,alappuzha,166845
2650,kerala,2019,4,ernakulam,633101
2651,kerala,2019,4,thiruvananthapuram,400110
2652,kerala,2019,4,kozhikode,345534
2653,kerala,2019,4,malappuram,333816
2654,kerala,2019,4,thrissur,302503
2655,kerala,2019,4,kannur,240296
2656,kerala,2019,4,palakkad,237650
2657,kerala,2019,4,kollam,221687
2658,kerala,2019,4,alappuzha,198940
2659,kerala,2019,4,kottayam,197540
2660,kerala,2020,1,ernakulam,716945
2661,kerala,2020,1,thiruvananthapuram,466301
2662,kerala,2020,1,kozhikode,404139
2663,kerala,2020,1,malappuram,387405
2664,kerala,2020,1,thrissur,349437
2665,kerala,2020,1,kannur,282719
2666,kerala,2020,1,palakkad,277861
2667,kerala,2020,1,kollam,265751
2668,kerala,2020,1,alappuzha,235048
2669,kerala,2020,1,kottayam,229263
2670,kerala,2020,2,ernakulam,798771
2671,kerala,2020,2,thiruvananthapuram,536574
2672,kerala,2020,2,kozhikode,469436
2673,kerala,2020,2,malappuram,445757
2674,kerala,2020,2,thrissur,403662
2675,kerala,2020,2,kannur,338685
2676,kerala,2020,2,palakkad,324519
2677,kerala,2020,2,kollam,318727
2678,kerala,2020,2,alappuzha,274531
2679,kerala,2020,2,kottayam,265591
2680,kerala,2020,3,ernakulam,917356
2681,kerala,2020,3,thiruvananthapuram,624681
2682,kerala,2020,3,kozhikode,554275
2683,kerala,2020,3,malappuram,533108
2684,kerala,2020,3,thrissur,479671
2685,kerala,2020,3,kannur,400107
2686,kerala,2020,3,kollam,385866
2687,kerala,2020,3,palakkad,384712
2688,kerala,2020,3,alappuzha,330393
2689,kerala,2020,3,kottayam,311954
2690,kerala,2020,4,ernakulam,1039584
2691,kerala,2020,4,thiruvananthapuram,708948
2692,kerala,2020,4,kozhikode,635320
2693,kerala,2020,4,malappuram,619218
2694,kerala,2020,4,thrissur,548425
2695,kerala,2020,4,kannur,457911
2696,kerala,2020,4,kollam,442546
2697,kerala,2020,4,palakkad,439597
2698,kerala,2020,4,alappuzha,377772
2699,kerala,2020,4,kottayam,357079
2700,kerala,2021,1,ernakulam,1126122
2701,kerala,2021,1,thiruvananthapuram,767813
2702,kerala,2021,1,kozhikode,691148
2703,kerala,2021,1,malappuram,676242
2704,kerala,2021,1,thrissur,594589
2705,kerala,2021,1,kannur,496955
2706,kerala,2021,1,kollam,480459
2707,kerala,2021,1,palakkad,477868
2708,kerala,2021,1,alappuzha,410141
2709,kerala,2021,1,kottayam,387696
2710,kerala,2021,2,ernakulam,1203623
2711,kerala,2021,2,thiruvananthapuram,820485
2712,kerala,2021,2,kozhikode,737623
2713,kerala,2021,2,malappuram,722597
2714,kerala,2021,2,thrissur,635598
2715,kerala,2021,2,kannur,530657
2716,kerala,2021,2,kollam,513820
2717,kerala,2021,2,palakkad,511298
2718,kerala,2021,2,alappuzha,438924
2719,kerala,2021,2,kottayam,415007
2720,kerala,2021,3,ernakulam,1289089
2721,kerala,2021,3,thiruvananthapuram,878444
2722,kerala,2021,3,kozhikode,789078
2723,kerala,2021,3,malappuram,773963
2724,kerala,2021,3,thrissur,681187
2725,kerala,2021,3,kannur,568613
2726,kerala,2021,3,kollam,551267
2727,kerala,2021,3,palakkad,548776
2728,kerala,2021,3,alappuzha,471228
2729,kerala,2021,3,kottayam,445540
2730,kerala,2021,4,ernakulam,1374081
2731,kerala,2021,4,thiruvananthapuram,935705
2732,kerala,2021,4,kozhikode,839678
2733,kerala,2021,4,malappuram,824018
2734,kerala,2021,4,thrissur,725878
2735,kerala,2021,4,kannur,605576
2736,kerala,2021,4,kollam,588254
2737,kerala,2021,4,palakkad,585306
2738,kerala,2021,4,alappuzha,503589
2739,kerala,2021,4,kottayam,475496
2740,kerala,2022,1,ernakulam,1454447
2741,kerala,2022,1,thiruvananthapuram,989791
2742,kerala,2022,1,kozhikode,887215
2743,kerala,2022,1,malappuram,871127
2744,kerala,2022,1,thrissur,768604
2745,kerala,2022,1,kannur,640842
2746,kerala,2022,1,kollam,623472
2747,kerala,2022,1,palakkad,620428
2748,kerala,2022,1,alappuzha,534116
2749,kerala,2022,1,kottayam,504349
2750,kerala,2022,2,ernakulam,1531113
2751,kerala,2022,2,thiruvananthapuram,1041643
2752,kerala,2022,2,kozhikode,932060
2753,kerala,2022,2,malappuram,915204
2754,kerala,2022,2,thrissur,808727
2755,kerala,2022,2,kannur,673887
2756,kerala,2022,2,kollam,657033
2757,kerala,2022,2,palakkad,653051
2758,kerala,2022,2,alappuzha,563253
2759,kerala,2022,2,kottayam,531625
2760,kerala,2022,3,ernakulam,1611052
2761,kerala,2022,3,thiruvananthapuram,1095580
2762,kerala,2022,3,kozhikode,978992
2763,kerala,2022,3,malappuram,961854
2764,kerala,2022,3,thrissur,851462
2765,kerala,2022,3,kannur,708205
2766,kerala,2022,3,kollam,692226
2767,kerala,2022,3,palakkad,687131
2768,kerala,2022,3,alappuzha,593932
2769,kerala,2022,3,kottayam,560099
2770,kerala,2022,4,ernakulam,1687311
2771,kerala,2022,4,thiruvananthapuram,1146770
2772,kerala,2022,4,kozhikode,1022289
2773,kerala,2022,4,malappuram,1003617
2774,kerala,2022,4,thrissur,889949
2775,kerala,2022,4,kannur,738843
2776,kerala,2022,4,kollam,724767
2777,kerala,2022,4,palakkad,717320
2778,kerala,2022,4,alappuzha,622234
2779,kerala,2022,4,kottayam,585546
2780,ladakh,2018,1,leh ladakh,7255
2781,ladakh,2018,1,kargil,1529
2782,ladakh,2018,2,leh ladakh,10733
2783,ladakh,2018,2,kargil,2185
2784,ladakh,2018,3,leh ladakh,14617
2785,ladakh,2018,3,kargil,3132
2786,ladakh,2018,4,leh ladakh,19447
2787,ladakh,2018,4,kargil,4436
2788,ladakh,2019,1,leh ladakh,23891
2789,ladakh,2019,1,kargil,5758
2790,ladakh,2019,2,leh ladakh,28390
2791,ladakh,2019,2,kargil,7126
2792,ladakh,2019,3,leh ladakh,31455
2793,ladakh,2019,3,kargil,7718
2794,ladakh,2019,4,leh ladakh,34770
2795,ladakh,2019,4,kargil,8338
2796,ladakh,2020,1,leh ladakh,38079
2797,ladakh,2020,1,kargil,9711
2798,ladakh,2020,2,leh ladakh,41782
2799,ladakh,2020,2,kargil,11252
2800,ladakh,2020,3,leh ladakh,45587
2801,ladakh,2020,3,kargil,12814
2802,ladakh,2020,4,leh ladakh,50252
2803,ladakh,2020,4,kargil,14601
2804,ladakh,2021,1,leh ladakh,54095
2805,ladakh,2021,1,kargil,15824
2806,ladakh,2021,2,leh ladakh,57971
2807,ladakh,2021,2,kargil,17077
2808,ladakh,2021,3,leh ladakh,62633
2809,ladakh,2021,3,kargil,18577
2810,ladakh,2021,4,leh ladakh,67049
2811,ladakh,2021,4,kargil,20008
2812,ladakh,2022,1,leh ladakh,71173
2813,ladakh,2022,1,kargil,21319
2814,ladakh,2022,2,leh ladakh,75042
2815,ladakh,2022,2,kargil,22475
2816,ladakh,2022,3,leh ladakh,78769
2817,ladakh,2022,3,kargil,23530
2818,ladakh,2022,4,leh ladakh,82011
2819,ladakh,2022,4,kargil,24326
2820,lakshadweep,2018,1,lakshadweep,501
2821,lakshadweep,2018,2,lakshadweep,686
2822,lakshadweep,2018,3,lakshadweep,918
2823,lakshadweep,2018,4,lakshadweep,1156
2824,lakshadweep,2019,1,lakshadweep,1416
2825,lakshadweep,2019,2,lakshadweep,1747
2826,lakshadweep,2019,3,lakshadweep,2117
2827,lakshadweep,2019,4,lakshadweep,2427
2828,lakshadweep,2020,1,lakshadweep,2772
2829,lakshadweep,2020,2,lakshadweep,3187
2830,lakshadweep,2020,3,lakshadweep,3644
2831,lakshadweep,2020,4,lakshadweep,4179
2832,lakshadweep,2021,1,lakshadweep,4577
2833,lakshadweep,2021,2,lakshadweep,4896
2834,lakshadweep,2021,3,lakshadweep,5287
2835,lakshadweep,2021,4,lakshadweep,5638
2836,lakshadweep,2022,1,lakshadweep,5990
2837,lakshadweep,2022,2,lakshadweep,6327
2838,lakshadweep,2022,3,lakshadweep,6645
2839,lakshadweep,2022,4,lakshadweep,6961
2840,madhya-pradesh,2018,1,indore,366977
2841,madhya-pradesh,2018,1,bhopal,307312
2842,madhya-pradesh,2018,1,gwalior,142453
2843,madhya-pradesh,2018,1,jabalpur,115953
2844,madhya-pradesh,2018,1,ujjain,84441
2845,madhya-pradesh,2018,1,rewa,73336
2846,madhya-pradesh,2018,1,sagar,72857
2847,madhya-pradesh,2018,1,chhindwara,65005
2848,madhya-pradesh,2018,1,dhar,63440
2849,madhya-pradesh,2018,1,dewas,62902
2850,madhya-pradesh,2018,2,indore,479904
2851,madhya-pradesh,2018,2,bhopal,398498
2852,madhya-pradesh,2018,2,gwalior,193605
2853,madhya-pradesh,2018,2,jabalpur,155624
2854,madhya-pradesh,2018,2,ujjain,113216
2855,madhya-pradesh,2018,2,rewa,100661
2856,madhya-pradesh,2018,2,sagar,100623
2857,madhya-pradesh,2018,2,chhindwara,87704
2858,madhya-pradesh,2018,2,dhar,86280
2859,madhya-pradesh,2018,2,dewas,84342
2860,madhya-pradesh,2018,3,indore,585621
2861,madhya-pradesh,2018,3,bhopal,474192
2862,madhya-pradesh,2018,3,gwalior,236305
2863,madhya-pradesh,2018,3,jabalpur,193535
2864,madhya-pradesh,2018,3,ujjain,143770
2865,madhya-pradesh,2018,3,sagar,128283
2866,madhya-pradesh,2018,3,rewa,125803
2867,madhya-pradesh,2018,3,dhar,110726
2868,madhya-pradesh,2018,3,chhindwara,109266
2869,madhya-pradesh,2018,3,dewas,105774
2870,madhya-pradesh,2018,4,indore,712479
2871,madhya-pradesh,2018,4,bhopal,571518
2872,madhya-pradesh,2018,4,gwalior,284894
2873,madhya-pradesh,2018,4,jabalpur,248495
2874,madhya-pradesh,2018,4,ujjain,177894
2875,madhya-pradesh,2018,4,sagar,162788
2876,madhya-pradesh,2018,4,rewa,160024
2877,madhya-pradesh,2018,4,chhindwara,139301
2878,madhya-pradesh,2018,4,dhar,137501
2879,madhya-pradesh,2018,4,satna,133865
2880,madhya-pradesh,2019,1,indore,844465
2881,madhya-pradesh,2019,1,bhopal,670417
2882,madhya-pradesh,2019,1,gwalior,331504
2883,madhya-pradesh,2019,1,jabalpur,295042
2884,madhya-pradesh,2019,1,ujjain,214818
2885,madhya-pradesh,2019,1,sagar,194467
2886,madhya-pradesh,2019,1,rewa,188803
2887,madhya-pradesh,2019,1,chhindwara,168633
2888,madhya-pradesh,2019,1,dhar,166663
2889,madhya-pradesh,2019,1,satna,160954
2890,madhya-pradesh,2019,2,indore,955207
2891,madhya-pradesh,2019,2,bhopal,756839
2892,madhya-pradesh,2019,2,gwalior,373367
2893,madhya-pradesh,2019,2,jabalpur,336963
2894,madhya-pradesh,2019,2,ujjain,247033
2895,madhya-pradesh,2019,2,sagar,219328
2896,madhya-pradesh,2019,2,rewa,211420
2897,madhya-pradesh,2019,2,chhindwara,192226
2898,madhya-pradesh,2019,2,dhar,190659
2899,madhya-pradesh,2019,2,satna,182176
2900,madhya-pradesh,2019,3,indore,1071598
2901,madhya-pradesh,2019,3,bhopal,846170
2902,madhya-pradesh,2019,3,gwalior,417846
2903,madhya-pradesh,2019,3,jabalpur,380209
2904,madhya-pradesh,2019,3,ujjain,280589
2905,madhya-pradesh,2019,3,sagar,243729
2906,madhya-pradesh,2019,3,rewa,232367
2907,madhya-pradesh,2019,3,chhindwara,214945
2908,madhya-pradesh,2019,3,dhar,214712
2909,madhya-pradesh,2019,3,satna,203019
2910,madhya-pradesh,2019,4,indore,1181500
2911,madhya-pradesh,2019,4,bhopal,926576
2912,madhya-pradesh,2019,4,gwalior,461960
2913,madhya-pradesh,2019,4,jabalpur,422786
2914,madhya-pradesh,2019,4,ujjain,314250
2915,madhya-pradesh,2019,4,sagar,272650
2916,madhya-pradesh,2019,4,rewa,260351
2917,madhya-pradesh,2019,4,dhar,242108
2918,madhya-pradesh,2019,4,chhindwara,240962
2919,madhya-pradesh,2019,4,satna,228680
2920,madhya-pradesh,2020,1,indore,1287857
2921,madhya-pradesh,2020,1,bhopal,1003288
2922,madhya-pradesh,2020,1,gwalior,506221
2923,madhya-pradesh,2020,1,jabalpur,462069
2924,madhya-pradesh,2020,1,ujjain,349476
2925,madhya-pradesh,2020,1,sagar,299753
2926,madhya-pradesh,2020,1,rewa,285832
2927,madhya-pradesh,2020,1,dhar,270891
2928,madhya-pradesh,2020,1,chhindwara,268008
2929,madhya-pradesh,2020,1,satna,253988
2930,madhya-pradesh,2020,2,indore,1410157
2931,madhya-pradesh,2020,2,bhopal,1080094
2932,madhya-pradesh,2020,2,gwalior,554377
2933,madhya-pradesh,2020,2,jabalpur,507707
2934,madhya-pradesh,2020,2,ujjain,395028
2935,madhya-pradesh,2020,2,sagar,333878
2936,madhya-pradesh,2020,2,rewa,313486
2937,madhya-pradesh,2020,2,dhar,310389
2938,madhya-pradesh,2020,2,chhindwara,302791
2939,madhya-pradesh,2020,2,satna,281414
2940,madhya-pradesh,2020,3,indore,1524036
2941,madhya-pradesh,2020,3,bhopal,1162000
2942,madhya-pradesh,2020,3,gwalior,603096
2943,madhya-pradesh,2020,3,jabalpur,555235
2944,madhya-pradesh,2020,3,ujjain,436068
2945,madhya-pradesh,2020,3,sagar,368745
2946,madhya-pradesh,2020,3,dhar,346394
2947,madhya-pradesh,2020,3,rewa,343897
2948,madhya-pradesh,2020,3,chhindwara,336306
2949,madhya-pradesh,2020,3,satna,311884
2950,madhya-pradesh,2020,4,indore,1645564
2951,madhya-pradesh,2020,4,bhopal,1249343
2952,madhya-pradesh,2020,4,gwalior,652985
2953,madhya-pradesh,2020,4,jabalpur,604034
2954,madhya-pradesh,2020,4,ujjain,475637
2955,madhya-pradesh,2020,4,sagar,402006
2956,madhya-pradesh,2020,4,dhar,382523
2957,madhya-pradesh,2020,4,rewa,374099
2958,madhya-pradesh,2020,4,chhindwara,370027
2959,madhya-pradesh,2020,4,satna,340632
2960,madhya-pradesh,2021,1,indore,1769869
2961,madhya-pradesh,2021,1,bhopal,1340741
2962,madhya-pradesh,2021,1,gwalior,703232
2963,madhya-pradesh,2021,1,jabalpur,650087
2964,madhya-pradesh,2021,1,ujjain,513868
2965,madhya-pradesh,2021,1,sagar,432938
2966,madhya-pradesh,2021,1,dhar,415117
2967,madhya-pradesh,2021,1,rewa,403013
2968,madhya-pradesh,2021,1,chhindwara,399276
2969,madhya-pradesh,2021,1,satna,368299
2970,madhya-pradesh,2021,2,indore,1892259
2971,madhya-pradesh,2021,2,bhopal,1431127
2972,madhya-pradesh,2021,2,gwalior,753172
2973,madhya-pradesh,2021,2,jabalpur,695130
2974,madhya-pradesh,2021,2,ujjain,552204
2975,madhya-pradesh,2021,2,sagar,464791
2976,madhya-pradesh,2021,2,dhar,447074
2977,madhya-pradesh,2021,2,rewa,432682
2978,madhya-pradesh,2021,2,chhindwara,428800
2979,madhya-pradesh,2021,2,satna,395440
2980,madhya-pradesh,2021,3,indore,2028266
2981,madhya-pradesh,2021,3,bhopal,1531544
2982,madhya-pradesh,2021,3,gwalior,809887
2983,madhya-pradesh,2021,3,jabalpur,745631
2984,madhya-pradesh,2021,3,ujjain,596195
2985,madhya-pradesh,2021,3,sagar,501819
2986,madhya-pradesh,2021,3,dhar,483901
2987,madhya-pradesh,2021,3,rewa,466895
2988,madhya-pradesh,2021,3,chhindwara,462834
2989,madhya-pradesh,2021,3,satna,426929
2990,madhya-pradesh,2021,4,indore,2164101
2991,madhya-pradesh,2021,4,bhopal,1633266
2992,madhya-pradesh,2021,4,gwalior,866561
2993,madhya-pradesh,2021,4,jabalpur,796148
2994,madhya-pradesh,2021,4,ujjain,639197
2995,madhya-pradesh,2021,4,sagar,538447
2996,madhya-pradesh,2021,4,dhar,519970
2997,madhya-pradesh,2021,4,rewa,500513
2998,madhya-pradesh,2021,4,chhindwara,495990
2999,madhya-pradesh,2021,4,satna,457858
3000,madhya-pradesh,2022,1,indore,2291709
3001,madhya-pradesh,2022,1,bhopal,1729248
3002,madhya-pradesh,2022,1,gwalior,919789
3003,madhya-pradesh,2022,1,jabalpur,844191
3004,madhya-pradesh,2022,1,ujjain,680599
3005,madhya-pradesh,2022,1,sagar,573791
3006,madhya-pradesh,2022,1,dhar,554545
3007,madhya-pradesh,2022,1,rewa,533627
3008,madhya-pradesh,2022,1,chhindwara,528140
3009,madhya-pradesh,2022,1,satna,488378
3010,madhya-pradesh,2022,2,indore,2412576
3011,madhya-pradesh,2022,2,bhopal,1820625
3012,madhya-pradesh,2022,2,gwalior,970340
3013,madhya-pradesh,2022,2,jabalpur,889518
3014,madhya-pradesh,2022,2,ujjain,719339
3015,madhya-pradesh,2022,2,sagar,605733
3016,madhya-pradesh,2022,2,dhar,586670
3017,madhya-pradesh,2022,2,rewa,564327
3018,madhya-pradesh,2022,2,chhindwara,557958
3019,madhya-pradesh,2022,2,satna,516107
3020,madhya-pradesh,2022,3,indore,2537328
3021,madhya-pradesh,2022,3,bhopal,1915532
3022,madhya-pradesh,2022,3,gwalior,1022539
3023,madhya-pradesh,2022,3,jabalpur,935649
3024,madhya-pradesh,2022,3,ujjain,758373
3025,madhya-pradesh,2022,3,sagar,638100
3026,madhya-pradesh,2022,3,dhar,618777
3027,madhya-pradesh,2022,3,rewa,594588
3028,madhya-pradesh,2022,3,chhindwara,587412
3029,madhya-pradesh,2022,3,satna,544011
3030,madhya-pradesh,2022,4,indore,2660518
3031,madhya-pradesh,2022,4,bhopal,2009655
3032,madhya-pradesh,2022,4,gwalior,1073648
3033,madhya-pradesh,2022,4,jabalpur,980428
3034,madhya-pradesh,2022,4,ujjain,794711
3035,madhya-pradesh,2022,4,sagar,667526
3036,madhya-pradesh,2022,4,dhar,648535
3037,madhya-pradesh,2022,4,rewa,622122
3038,madhya-pradesh,2022,4,chhindwara,613456
3039,madhya-pradesh,2022,4,satna,569320
3040,maharashtra,2018,1,pune,1211643
3041,maharashtra,2018,1,mumbai suburban,719300
3042,maharashtra,2018,1,thane,631864
3043,maharashtra,2018,1,nashik,321402
3044,maharashtra,2018,1,nagpur,280007
3045,maharashtra,2018,1,aurangabad,266324
3046,maharashtra,2018,1,mumbai,233538
3047,maharashtra,2018,1,ahmednagar,197473
3048,maharashtra,2018,1,solapur,190033
3049,maharashtra,2018,1,raigad,173015
3050,maharashtra,2018,2,pune,1592293
3051,maharashtra,2018,2,mumbai suburban,957633
3052,maharashtra,2018,2,thane,861292
3053,maharashtra,2018,2,nashik,436668
3054,maharashtra,2018,2,nagpur,380425
3055,maharashtra,2018,2,aurangabad,347838
3056,maharashtra,2018,2,mumbai,319588
3057,maharashtra,2018,2,ahmednagar,268520
3058,maharashtra,2018,2,solapur,259084
3059,maharashtra,2018,2,palghar,239053
3060,maharashtra,2018,3,pune,1974138
3061,maharashtra,2018,3,mumbai suburban,1218632
3062,maharashtra,2018,3,thane,1104206
3063,maharashtra,2018,3,nashik,552556
3064,maharashtra,2018,3,nagpur,487280
3065,maharashtra,2018,3,aurangabad,428394
3066,maharashtra,2018,3,mumbai,410878
3067,maharashtra,2018,3,ahmednagar,344804
3068,maharashtra,2018,3,solapur,331428
3069,maharashtra,2018,3,palghar,312322
3070,maharashtra,2018,4,pune,2498852
3071,maharashtra,2018,4,mumbai suburban,1578487
3072,maharashtra,2018,4,thane,1473811
3073,maharashtra,2018,4,nashik,698343
3074,maharashtra,2018,4,nagpur,627317
3075,maharashtra,2018,4,mumbai,543353
3076,maharashtra,2018,4,aurangabad,534477
3077,maharashtra,2018,4,ahmednagar,439246
3078,maharashtra,2018,4,solapur,419060
3079,maharashtra,2018,4,palghar,414825
3080,maharashtra,2019,1,pune,3038402
3081,maharashtra,2019,1,mumbai suburban,1901210
3082,maharashtra,2019,1,thane,1834051
3083,maharashtra,2019,1,nashik,853648
3084,maharashtra,2019,1,nagpur,765612
3085,maharashtra,2019,1,mumbai,670094
3086,maharashtra,2019,1,aurangabad,644687
3087,maharashtra,2019,1,ahmednagar,532651
3088,maharashtra,2019,1,palghar,521918
3089,maharashtra,2019,1,raigad,509108
3090,maharashtra,2019,2,pune,3514081
3091,maharashtra,2019,2,mumbai suburban,2151657
3092,maharashtra,2019,2,thane,2118406
3093,maharashtra,2019,2,nashik,995687
3094,maharashtra,2019,2,nagpur,887042
3095,maharashtra,2019,2,mumbai,785480
3096,maharashtra,2019,2,aurangabad,736863
3097,maharashtra,2019,2,ahmednagar,614812
3098,maharashtra,2019,2,palghar,608184
3099,maharashtra,2019,2,raigad,594675
3100,maharashtra,2019,3,pune,4004991
3101,maharashtra,2019,3,mumbai suburban,2407754
3102,maharashtra,2019,3,thane,2396815
3103,maharashtra,2019,3,nashik,1155897
3104,maharashtra,2019,3,nagpur,1015333
3105,maharashtra,2019,3,mumbai,889541
3106,maharashtra,2019,3,aurangabad,841802
3107,maharashtra,2019,3,ahmednagar,705492
3108,maharashtra,2019,3,palghar,691229
3109,maharashtra,2019,3,raigad,679155
3110,maharashtra,2019,4,pune,4416899
3111,maharashtra,2019,4,thane,2638051
3112,maharashtra,2019,4,mumbai suburban,2630360
3113,maharashtra,2019,4,nashik,1304611
3114,maharashtra,2019,4,nagpur,1134480
3115,maharashtra,2019,4,mumbai,973018
3116,maharashtra,2019,4,aurangabad,947081
3117,maharashtra,2019,4,ahmednagar,805271
3118,maharashtra,2019,4,palghar,767925
3119,maharashtra,2019,4,raigad,754910
3120,maharashtra,2020,1,pune,4802397
3121,maharashtra,2020,1,thane,2878073
3122,maharashtra,2020,1,mumbai suburban,2843378
3123,maharashtra,2020,1,nashik,1448324
3124,maharashtra,2020,1,nagpur,1251510
3125,maharashtra,2020,1,mumbai,1054509
3126,maharashtra,2020,1,aurangabad,1046306
3127,maharashtra,2020,1,ahmednagar,905962
3128,maharashtra,2020,1,palghar,848560
3129,maharashtra,2020,1,raigad,830643
3130,maharashtra,2020,2,pune,5144688
3131,maharashtra,2020,2,thane,3135101
3132,maharashtra,2020,2,mumbai suburban,3060916
3133,maharashtra,2020,2,nashik,1602650
3134,maharashtra,2020,2,nagpur,1377642
3135,maharashtra,2020,2,aurangabad,1142730
3136,maharashtra,2020,2,mumbai,1141566
3137,maharashtra,2020,2,ahmednagar,1014520
3138,maharashtra,2020,2,palghar,947121
3139,maharashtra,2020,2,solapur,918756
3140,maharashtra,2020,3,pune,5546002
3141,maharashtra,2020,3,thane,3401853
3142,maharashtra,2020,3,mumbai suburban,3304696
3143,maharashtra,2020,3,nashik,1752191
3144,maharashtra,2020,3,nagpur,1502777
3145,maharashtra,2020,3,aurangabad,1244879
3146,maharashtra,2020,3,mumbai,1234355
3147,maharashtra,2020,3,ahmednagar,1123648
3148,maharashtra,2020,3,palghar,1034468
3149,maharashtra,2020,3,solapur,1012518
3150,maharashtra,2020,4,pune,6033615
3151,maharashtra,2020,4,thane,3727358
3152,maharashtra,2020,4,mumbai suburban,3609970
3153,maharashtra,2020,4,nashik,1907318
3154,maharashtra,2020,4,nagpur,1637270
3155,maharashtra,2020,4,aurangabad,1355656
3156,maharashtra,2020,4,mumbai,1347356
3157,maharashtra,2020,4,ahmednagar,1237321
3158,maharashtra,2020,4,palghar,1136061
3159,maharashtra,2020,4,solapur,1113260
3160,maharashtra,2021,1,pune,6481971
3161,maharashtra,2021,1,thane,4014464
3162,maharashtra,2021,1,mumbai suburban,3886500
3163,maharashtra,2021,1,nashik,2049293
3164,maharashtra,2021,1,nagpur,1761562
3165,maharashtra,2021,1,aurangabad,1456891
3166,maharashtra,2021,1,mumbai,1450548
3167,maharashtra,2021,1,ahmednagar,1333477
3168,maharashtra,2021,1,palghar,1225423
3169,maharashtra,2021,1,solapur,1199130
3170,maharashtra,2021,2,pune,6915820
3171,maharashtra,2021,2,thane,4290066
3172,maharashtra,2021,2,mumbai suburban,4151227
3173,maharashtra,2021,2,nashik,2191882
3174,maharashtra,2021,2,nagpur,1883447
3175,maharashtra,2021,2,aurangabad,1557693
3176,maharashtra,2021,2,mumbai,1549784
3177,maharashtra,2021,2,ahmednagar,1429562
3178,maharashtra,2021,2,palghar,1312388
3179,maharashtra,2021,2,solapur,1283601
3180,maharashtra,2021,3,pune,7398336
3181,maharashtra,2021,3,thane,4597394
3182,maharashtra,2021,3,mumbai suburban,4444495
3183,maharashtra,2021,3,nashik,2352259
3184,maharashtra,2021,3,nagpur,2020264
3185,maharashtra,2021,3,aurangabad,1671665
3186,maharashtra,2021,3,mumbai,1659663
3187,maharashtra,2021,3,ahmednagar,1539300
3188,maharashtra,2021,3,palghar,1410321
3189,maharashtra,2021,3,solapur,1380100
3190,maharashtra,2021,4,pune,7880431
3191,maharashtra,2021,4,thane,4906492
3192,maharashtra,2021,4,mumbai suburban,4740546
3193,maharashtra,2021,4,nashik,2510393
3194,maharashtra,2021,4,nagpur,2157149
3195,maharashtra,2021,4,aurangabad,1786190
3196,maharashtra,2021,4,mumbai,1770325
3197,maharashtra,2021,4,ahmednagar,1646991
3198,maharashtra,2021,4,palghar,1508500
3199,maharashtra,2021,4,solapur,1475291
3200,maharashtra,2022,1,pune,8331582
3201,maharashtra,2022,1,thane,5196050
3202,maharashtra,2022,1,mumbai suburban,5017556
3203,maharashtra,2022,1,nashik,2661739
3204,maharashtra,2022,1,nagpur,2286011
3205,maharashtra,2022,1,aurangabad,1894797
3206,maharashtra,2022,1,mumbai,1873643
3207,maharashtra,2022,1,ahmednagar,1749682
3208,maharashtra,2022,1,palghar,1601518
3209,maharashtra,2022,1,solapur,1565902
3210,maharashtra,2022,2,pune,8757249
3211,maharashtra,2022,2,thane,5471749
3212,maharashtra,2022,2,mumbai suburban,5281053
3213,maharashtra,2022,2,nashik,2803471
3214,maharashtra,2022,2,nagpur,2407812
3215,maharashtra,2022,2,aurangabad,1996927
3216,maharashtra,2022,2,mumbai,1972178
3217,maharashtra,2022,2,ahmednagar,1844168
3218,maharashtra,2022,2,palghar,1689875
3219,maharashtra,2022,2,solapur,1649511
3220,maharashtra,2022,3,pune,9194074
3221,maharashtra,2022,3,thane,5757165
3222,maharashtra,2022,3,mumbai suburban,5555095
3223,maharashtra,2022,3,nashik,2948824
3224,maharashtra,2022,3,nagpur,2532986
3225,maharashtra,2022,3,aurangabad,2101234
3226,maharashtra,2022,3,mumbai,2074701
3227,maharashtra,2022,3,ahmednagar,1940071
3228,maharashtra,2022,3,palghar,1781265
3229,maharashtra,2022,3,solapur,1733556
3230,maharashtra,2022,4,pune,9622338
3231,maharashtra,2022,4,thane,6042267
3232,maharashtra,2022,4,mumbai suburban,5831539
3233,maharashtra,2022,4,nashik,3086721
3234,maharashtra,2022,4,nagpur,2655029
3235,maharashtra,2022,4,aurangabad,2201353
3236,maharashtra,2022,4,mumbai,2178155
3237,maharashtra,2022,4,ahmednagar,2027819
3238,maharashtra,2022,4,palghar,1870957
3239,maharashtra,2022,4,solapur,1811044
3240,manipur,2018,1,imphal west,11304
3241,manipur,2018,1,imphal east,6759
3242,manipur,2018,1,thoubal,2764
3243,manipur,2018,1,bishnupur,2371
3244,manipur,2018,1,churachandpur,1524
3245,manipur,2018,1,kangpokpi,1439
3246,manipur,2018,1,kakching,915
3247,manipur,2018,1,ukhrul,602
3248,manipur,2018,1,tamenglong,550
3249,manipur,2018,1,jiribam,460
3250,manipur,2018,2,imphal west,16541
3251,manipur,2018,2,imphal east,10390
3252,manipur,2018,2,thoubal,4771
3253,manipur,2018,2,bishnupur,3751
3254,manipur,2018,2,churachandpur,2362
3255,manipur,2018,2,kangpokpi,2183
3256,manipur,2018,2,kakching,1571
3257,manipur,2018,2,ukhrul,905
3258,manipur,2018,2,tamenglong,824
3259,manipur,2018,2,jiribam,732
3260,manipur,2018,3,imphal west,21696
3261,manipur,2018,3,imphal east,13541
3262,manipur,2018,3,thoubal,6112
3263,manipur,2018,3,bishnupur,5106
3264,manipur,2018,3,churachandpur,3420
3265,manipur,2018,3,kangpokpi,3073
3266,manipur,2018,3,kakching,2326
3267,manipur,2018,3,ukhrul,1346
3268,manipur,2018,3,tamenglong,1268
3269,manipur,2018,3,jiribam,1086
3270,manipur,2018,4,imphal west,28383
3271,manipur,2018,4,imphal east,17777
3272,manipur,2018,4,thoubal,8027
3273,manipur,2018,4,bishnupur,7049
3274,manipur,2018,4,churachandpur,4951
3275,manipur,2018,4,kangpokpi,4249
3276,manipur,2018,4,kakching,3153
3277,manipur,2018,4,ukhrul,1842
3278,manipur,2018,4,tamenglong,1712
3279,manipur,2018,4,jiribam,1393
3280,manipur,2019,1,imphal west,33668
3281,manipur,2019,1,imphal east,21136
3282,manipur,2019,1,thoubal,9529
3283,manipur,2019,1,bishnupur,8537
3284,manipur,2019,1,churachandpur,6138
3285,manipur,2019,1,kangpokpi,5212
3286,manipur,2019,1,kakching,3850
3287,manipur,2019,1,ukhrul,2368
3288,manipur,2019,1,tamenglong,2148
3289,manipur,2019,1,jiribam,1759
3290,manipur,2019,2,imphal west,39303
3291,manipur,2019,2,imphal east,24652
3292,manipur,2019,2,thoubal,10915
3293,manipur,2019,2,bishnupur,10014
3294,manipur,2019,2,churachandpur,7662
3295,manipur,2019,2,kangpokpi,6407
3296,manipur,2019,2,kakching,4599
3297,manipur,2019,2,ukhrul,2981
3298,manipur,2019,2,tamenglong,2628
3299,manipur,2019,2,chandel,2175
3300,manipur,2019,3,imphal west,45268
3301,manipur,2019,3,imphal east,28331
3302,manipur,2019,3,thoubal,12427
3303,manipur,2019,3,bishnupur,11647
3304,manipur,2019,3,churachandpur,9071
3305,manipur,2019,3,kangpokpi,7621
3306,manipur,2019,3,kakching,5355
3307,manipur,2019,3,ukhrul,3488
3308,manipur,2019,3,tamenglong,3085
3309,manipur,2019,3,chandel,2581
3310,manipur,2019,4,imphal west,51063
3311,manipur,2019,4,imphal east,31935
3312,manipur,2019,4,thoubal,14194
3313,manipur,2019,4,bishnupur,13387
3314,manipur,2019,4,churachandpur,10431
3315,manipur,2019,4,kangpokpi,8850
3316,manipur,2019,4,kakching,6126
3317,manipur,2019,4,ukhrul,4091
3318,manipur,2019,4,tamenglong,3651
3319,manipur,2019,4,chandel,3029
3320,manipur,2020,1,imphal west,57485
3321,manipur,2020,1,imphal east,36105
3322,manipur,2020,1,thoubal,16244
3323,manipur,2020,1,bishnupur,15333
3324,manipur,2020,1,churachandpur,12420
3325,manipur,2020,1,kangpokpi,10241
3326,manipur,2020,1,kakching,7075
3327,manipur,2020,1,ukhrul,4892
3328,manipur,2020,1,tamenglong,4169
3329,manipur,2020,1,chandel,3471
3330,manipur,2020,2,imphal west,67897
3331,manipur,2020,2,imphal east,43144
3332,manipur,2020,2,thoubal,20186
3333,manipur,2020,2,bishnupur,19027
3334,manipur,2020,2,churachandpur,15469
3335,manipur,2020,2,kangpokpi,12965
3336,manipur,2020,2,kakching,9028
3337,manipur,2020,2,ukhrul,6223
3338,manipur,2020,2,tamenglong,5158
3339,manipur,2020,2,chandel,4278
3340,manipur,2020,3,imphal west,79723
3341,manipur,2020,3,imphal east,51383
3342,manipur,2020,3,thoubal,24183
3343,manipur,2020,3,bishnupur,22965
3344,manipur,2020,3,churachandpur,19501
3345,manipur,2020,3,kangpokpi,15966
3346,manipur,2020,3,kakching,10752
3347,manipur,2020,3,ukhrul,7657
3348,manipur,2020,3,tamenglong,6475
3349,manipur,2020,3,chandel,5252
3350,manipur,2020,4,imphal west,88777
3351,manipur,2020,4,imphal east,57282
3352,manipur,2020,4,thoubal,26858
3353,manipur,2020,4,bishnupur,25629
3354,manipur,2020,4,churachandpur,21960
3355,manipur,2020,4,kangpokpi,17814
3356,manipur,2020,4,kakching,11913
3357,manipur,2020,4,ukhrul,8651
3358,manipur,2020,4,tamenglong,7322
3359,manipur,2020,4,chandel,5987
3360,manipur,2021,1,imphal west,96101
3361,manipur,2021,1,imphal east,62004
3362,manipur,2021,1,thoubal,29072
3363,manipur,2021,1,bishnupur,27615
3364,manipur,2021,1,churachandpur,23827
3365,manipur,2021,1,kangpokpi,19239
3366,manipur,2021,1,kakching,12888
3367,manipur,2021,1,ukhrul,9372
3368,manipur,2021,1,tamenglong,7960
3369,manipur,2021,1,chandel,6467
3370,manipur,2021,2,imphal west,102833
3371,manipur,2021,2,imphal east,66388
3372,manipur,2021,2,thoubal,31139
3373,manipur,2021,2,bishnupur,29671
3374,manipur,2021,2,churachandpur,25573
3375,manipur,2021,2,kangpokpi,20703
3376,manipur,2021,2,kakching,13816
3377,manipur,2021,2,ukhrul,10142
3378,manipur,2021,2,tamenglong,8580
3379,manipur,2021,2,chandel,6980
3380,manipur,2021,3,imphal west,110506
3381,manipur,2021,3,imphal east,71436
3382,manipur,2021,3,thoubal,33478
3383,manipur,2021,3,bishnupur,31996
3384,manipur,2021,3,churachandpur,27600
3385,manipur,2021,3,kangpokpi,22416
3386,manipur,2021,3,kakching,14924
3387,manipur,2021,3,ukhrul,11045
3388,manipur,2021,3,tamenglong,9326
3389,manipur,2021,3,chandel,7597
3390,manipur,2021,4,imphal west,118056
3391,manipur,2021,4,imphal east,76421
3392,manipur,2021,4,thoubal,35832
3393,manipur,2021,4,bishnupur,34316
3394,manipur,2021,4,churachandpur,29651
3395,manipur,2021,4,kangpokpi,24082
3396,manipur,2021,4,kakching,15985
3397,manipur,2021,4,ukhrul,11949
3398,manipur,2021,4,tamenglong,10063
3399,manipur,2021,4,chandel,8184
3400,manipur,2022,1,imphal west,125131
3401,manipur,2022,1,imphal east,81134
3402,manipur,2022,1,thoubal,38088
3403,manipur,2022,1,bishnupur,36514
3404,manipur,2022,1,churachandpur,31533
3405,manipur,2022,1,kangpokpi,25589
3406,manipur,2022,1,kakching,17014
3407,manipur,2022,1,ukhrul,12728
3408,manipur,2022,1,tamenglong,10719
3409,manipur,2022,1,chandel,8724
3410,manipur,2022,2,imphal west,131901
3411,manipur,2022,2,imphal east,85559
3412,manipur,2022,2,thoubal,40196
3413,manipur,2022,2,bishnupur,38512
3414,manipur,2022,2,churachandpur,33293
3415,manipur,2022,2,kangpokpi,27002
3416,manipur,2022,2,kakching,18011
3417,manipur,2022,2,ukhrul,13435
3418,manipur,2022,2,tamenglong,11310
3419,manipur,2022,2,chandel,9201
3420,manipur,2022,3,imphal west,138892
3421,manipur,2022,3,imphal east,90100
3422,manipur,2022,3,thoubal,42321
3423,manipur,2022,3,bishnupur,40486
3424,manipur,2022,3,churachandpur,35081
3425,manipur,2022,3,kangpokpi,28377
3426,manipur,2022,3,kakching,18979
3427,manipur,2022,3,ukhrul,14002
3428,manipur,2022,3,tamenglong,11830
3429,manipur,2022,3,chandel,9647
3430,manipur,2022,4,imphal west,145422
3431,manipur,2022,4,imphal east,94344
3432,manipur,2022,4,thoubal,44264
3433,manipur,2022,4,bishnupur,42189
3434,manipur,2022,4,churachandpur,36722
3435,manipur,2022,4,kangpokpi,29563
3436,manipur,2022,4,kakching,19797
3437,manipur,2022,4,ukhrul,14415
3438,manipur,2022,4,tamenglong,12297
3439,manipur,2022,4,chandel,9973
3440,meghalaya,2018,1,east khasi hills,9310
3441,meghalaya,2018,1,west garo hills,3671
3442,meghalaya,2018,1,ribhoi,1891
3443,meghalaya,2018,1,east jaintia hills,1419
3444,meghalaya,2018,1,west jaintia hills,736
3445,meghalaya,2018,1,south garo hills,343
3446,meghalaya,2018,1,south west garo hills,299
3447,meghalaya,2018,1,west khasi hills,299
3448,meghalaya,2018,1,north garo hills,254
3449,meghalaya,2018,1,east garo hills,236
3450,meghalaya,2018,2,east khasi hills,12907
3451,meghalaya,2018,2,west garo hills,5289
3452,meghalaya,2018,2,ribhoi,2869
3453,meghalaya,2018,2,east jaintia hills,2051
3454,meghalaya,2018,2,west jaintia hills,1023
3455,meghalaya,2018,2,south garo hills,530
3456,meghalaya,2018,2,south west garo hills,485
3457,meghalaya,2018,2,west khasi hills,472
3458,meghalaya,2018,2,north garo hills,445
3459,meghalaya,2018,2,east garo hills,437
3460,meghalaya,2018,3,east khasi hills,17543
3461,meghalaya,2018,3,west garo hills,7529
3462,meghalaya,2018,3,ribhoi,3889
3463,meghalaya,2018,3,east jaintia hills,2886
3464,meghalaya,2018,3,west jaintia hills,1465
3465,meghalaya,2018,3,south garo hills,821
3466,meghalaya,2018,3,south west garo hills,810
3467,meghalaya,2018,3,north garo hills,737
3468,meghalaya,2018,3,west khasi hills,730
3469,meghalaya,2018,3,east garo hills,694
3470,meghalaya,2018,4,east khasi hills,22845
3471,meghalaya,2018,4,west garo hills,10445
3472,meghalaya,2018,4,ribhoi,5207
3473,meghalaya,2018,4,east jaintia hills,3735
3474,meghalaya,2018,4,west jaintia hills,1861
3475,meghalaya,2018,4,south west garo hills,1115
3476,meghalaya,2018,4,north garo hills,1092
3477,meghalaya,2018,4,east garo hills,1067
3478,meghalaya,2018,4,south garo hills,1057
3479,meghalaya,2018,4,west khasi hills,957
3480,meghalaya,2019,1,east khasi hills,27937
3481,meghalaya,2019,1,west garo hills,12932
3482,meghalaya,2019,1,ribhoi,6543
3483,meghalaya,2019,1,east jaintia hills,4643
3484,meghalaya,2019,1,west jaintia hills,2276
3485,meghalaya,2019,1,north garo hills,1482
3486,meghalaya,2019,1,south west garo hills,1434
3487,meghalaya,2019,1,east garo hills,1424
3488,meghalaya,2019,1,south garo hills,1296
3489,meghalaya,2019,1,west khasi hills,1191
3490,meghalaya,2019,2,east khasi hills,33377
3491,meghalaya,2019,2,west garo hills,15673
3492,meghalaya,2019,2,ribhoi,7894
3493,meghalaya,2019,2,east jaintia hills,5580
3494,meghalaya,2019,2,west jaintia hills,2846
3495,meghalaya,2019,2,north garo hills,1965
3496,meghalaya,2019,2,south west garo hills,1902
3497,meghalaya,2019,2,east garo hills,1855
3498,meghalaya,2019,2,south garo hills,1640
3499,meghalaya,2019,2,west khasi hills,1566
3500,meghalaya,2019,3,east khasi hills,38761
3501,meghalaya,2019,3,west garo hills,18509
3502,meghalaya,2019,3,ribhoi,9007
3503,meghalaya,2019,3,east jaintia hills,6371
3504,meghalaya,2019,3,west jaintia hills,3346
3505,meghalaya,2019,3,north garo hills,2403
3506,meghalaya,2019,3,east garo hills,2313
3507,meghalaya,2019,3,south west garo hills,2306
3508,meghalaya,2019,3,south garo hills,2020
3509,meghalaya,2019,3,west khasi hills,1838
3510,meghalaya,2019,4,east khasi hills,43484
3511,meghalaya,2019,4,west garo hills,21300
3512,meghalaya,2019,4,ribhoi,10308
3513,meghalaya,2019,4,east jaintia hills,7343
3514,meghalaya,2019,4,west jaintia hills,3946
3515,meghalaya,2019,4,north garo hills,2871
3516,meghalaya,2019,4,east garo hills,2788
3517,meghalaya,2019,4,south west garo hills,2757
3518,meghalaya,2019,4,south garo hills,2434
3519,meghalaya,2019,4,west khasi hills,2180
3520,meghalaya,2020,1,east khasi hills,49251
3521,meghalaya,2020,1,west garo hills,24124
3522,meghalaya,2020,1,ribhoi,11689
3523,meghalaya,2020,1,east jaintia hills,8368
3524,meghalaya,2020,1,west jaintia hills,4530
3525,meghalaya,2020,1,north garo hills,3311
3526,meghalaya,2020,1,east garo hills,3251
3527,meghalaya,2020,1,south west garo hills,3234
3528,meghalaya,2020,1,south garo hills,2810
3529,meghalaya,2020,1,west khasi hills,2522
3530,meghalaya,2020,2,east khasi hills,57322
3531,meghalaya,2020,2,west garo hills,29492
3532,meghalaya,2020,2,ribhoi,13550
3533,meghalaya,2020,2,east jaintia hills,9695
3534,meghalaya,2020,2,west jaintia hills,5717
3535,meghalaya,2020,2,north garo hills,4318
3536,meghalaya,2020,2,south west garo hills,4266
3537,meghalaya,2020,2,east garo hills,4132
3538,meghalaya,2020,2,south garo hills,3590
3539,meghalaya,2020,2,west khasi hills,3195
3540,meghalaya,2020,3,east khasi hills,65268
3541,meghalaya,2020,3,west garo hills,34201
3542,meghalaya,2020,3,ribhoi,15427
3543,meghalaya,2020,3,east jaintia hills,11084
3544,meghalaya,2020,3,west jaintia hills,6997
3545,meghalaya,2020,3,north garo hills,5242
3546,meghalaya,2020,3,south west garo hills,5082
3547,meghalaya,2020,3,east garo hills,5002
3548,meghalaya,2020,3,south garo hills,4370
3549,meghalaya,2020,3,west khasi hills,3899
3550,meghalaya,2020,4,east khasi hills,72639
3551,meghalaya,2020,4,west garo hills,37988
3552,meghalaya,2020,4,ribhoi,17198
3553,meghalaya,2020,4,east jaintia hills,12337
3554,meghalaya,2020,4,west jaintia hills,7968
3555,meghalaya,2020,4,north garo hills,5914
3556,meghalaya,2020,4,east garo hills,5777
3557,meghalaya,2020,4,south west garo hills,5772
3558,meghalaya,2020,4,south garo hills,5006
3559,meghalaya,2020,4,west khasi hills,4484
3560,meghalaya,2021,1,east khasi hills,78429
3561,meghalaya,2021,1,west garo hills,40993
3562,meghalaya,2021,1,ribhoi,18641
3563,meghalaya,2021,1,east jaintia hills,13460
3564,meghalaya,2021,1,west jaintia hills,8665
3565,meghalaya,2021,1,north garo hills,6392
3566,meghalaya,2021,1,south west garo hills,6276
3567,meghalaya,2021,1,east garo hills,6237
3568,meghalaya,2021,1,south garo hills,5439
3569,meghalaya,2021,1,west khasi hills,4858
3570,meghalaya,2021,2,east khasi hills,84124
3571,meghalaya,2021,2,west garo hills,44151
3572,meghalaya,2021,2,ribhoi,20098
3573,meghalaya,2021,2,east jaintia hills,14530
3574,meghalaya,2021,2,west jaintia hills,9409
3575,meghalaya,2021,2,north garo hills,6951
3576,meghalaya,2021,2,south west garo hills,6835
3577,meghalaya,2021,2,east garo hills,6754
3578,meghalaya,2021,2,south garo hills,5922
3579,meghalaya,2021,2,west khasi hills,5296
3580,meghalaya,2021,3,east khasi hills,90505
3581,meghalaya,2021,3,west garo hills,47869
3582,meghalaya,2021,3,ribhoi,21875
3583,meghalaya,2021,3,east jaintia hills,15847
3584,meghalaya,2021,3,west jaintia hills,10337
3585,meghalaya,2021,3,north garo hills,7584
3586,meghalaya,2021,3,south west garo hills,7531
3587,meghalaya,2021,3,east garo hills,7389
3588,meghalaya,2021,3,south garo hills,6442
3589,meghalaya,2021,3,west khasi hills,5884
3590,meghalaya,2021,4,east khasi hills,96942
3591,meghalaya,2021,4,west garo hills,51617
3592,meghalaya,2021,4,ribhoi,23562
3593,meghalaya,2021,4,east jaintia hills,17115
3594,meghalaya,2021,4,west jaintia hills,11189
3595,meghalaya,2021,4,north garo hills,8212
3596,meghalaya,2021,4,south west garo hills,8197
3597,meghalaya,2021,4,east garo hills,8015
3598,meghalaya,2021,4,south garo hills,7005
3599,meghalaya,2021,4,west khasi hills,6428
3600,meghalaya,2022,1,east khasi hills,102838
3601,meghalaya,2022,1,west garo hills,55028
3602,meghalaya,2022,1,ribhoi,25112
3603,meghalaya,2022,1,east jaintia hills,18301
3604,meghalaya,2022,1,west jaintia hills,11952
3605,meghalaya,2022,1,north garo hills,8795
3606,meghalaya,2022,1,south west garo hills,8758
3607,meghalaya,2022,1,east garo hills,8578
3608,meghalaya,2022,1,south garo hills,7508
3609,meghalaya,2022,1,west khasi hills,6839
3610,meghalaya,2022,2,east khasi hills,108330
3611,meghalaya,2022,2,west garo hills,58178
3612,meghalaya,2022,2,ribhoi,26541
3613,meghalaya,2022,2,east jaintia hills,19314
3614,meghalaya,2022,2,west jaintia hills,12593
3615,meghalaya,2022,2,north garo hills,9312
3616,meghalaya,2022,2,south west garo hills,9266
3617,meghalaya,2022,2,east garo hills,9052
3618,meghalaya,2022,2,south garo hills,7922
3619,meghalaya,2022,2,west khasi hills,7196
3620,meghalaya,2022,3,east khasi hills,113816
3621,meghalaya,2022,3,west garo hills,61273
3622,meghalaya,2022,3,ribhoi,27844
3623,meghalaya,2022,3,east jaintia hills,20320
3624,meghalaya,2022,3,west jaintia hills,13176
3625,meghalaya,2022,3,north garo hills,9773
3626,meghalaya,2022,3,south west garo hills,9735
3627,meghalaya,2022,3,east garo hills,9484
3628,meghalaya,2022,3,south garo hills,8265
3629,meghalaya,2022,3,west khasi hills,7493
3630,meghalaya,2022,4,east khasi hills,118978
3631,meghalaya,2022,4,west garo hills,63792
3632,meghalaya,2022,4,ribhoi,29041
3633,meghalaya,2022,4,east jaintia hills,21201
3634,meghalaya,2022,4,west jaintia hills,13633
3635,meghalaya,2022,4,north garo hills,10145
3636,meghalaya,2022,4,south west garo hills,10062
3637,meghalaya,2022,4,east garo hills,9846
3638,meghalaya,2022,4,south garo hills,8553
3639,meghalaya,2022,4,west khasi hills,7705
3640,mizoram,2018,1,aizawl,4550
3641,mizoram,2018,1,lunglei,879
3642,mizoram,2018,1,kolasib,486
3643,mizoram,2018,1,lawngtlai,474
3644,mizoram,2018,1,champhai,358
3645,mizoram,2018,1,mamit,316
3646,mizoram,2018,1,serchhip,299
3647,mizoram,2018,1,saiha,231
3648,mizoram,2018,2,aizawl,6211
3649,mizoram,2018,2,lunglei,1241
3650,mizoram,2018,2,kolasib,692
3651,mizoram,2018,2,lawngtlai,607
3652,mizoram,2018,2,champhai,501
3653,mizoram,2018,2,serchhip,440
3654,mizoram,2018,2,mamit,435
3655,mizoram,2018,2,saiha,295
3656,mizoram,2018,3,aizawl,8460
3657,mizoram,2018,3,lunglei,1751
3658,mizoram,2018,3,kolasib,1012
3659,mizoram,2018,3,lawngtlai,922
3660,mizoram,2018,3,champhai,729
3661,mizoram,2018,3,serchhip,633
3662,mizoram,2018,3,mamit,599
3663,mizoram,2018,3,saiha,396
3664,mizoram,2018,4,aizawl,11131
3665,mizoram,2018,4,lunglei,2391
3666,mizoram,2018,4,kolasib,1393
3667,mizoram,2018,4,lawngtlai,1254
3668,mizoram,2018,4,champhai,1001
3669,mizoram,2018,4,serchhip,857
3670,mizoram,2018,4,mamit,835
3671,mizoram,2018,4,saiha,503
3672,mizoram,2019,1,aizawl,13422
3673,mizoram,2019,1,lunglei,2910
3674,mizoram,2019,1,kolasib,1730
3675,mizoram,2019,1,lawngtlai,1648
3676,mizoram,2019,1,champhai,1179
3677,mizoram,2019,1,mamit,1096
3678,mizoram,2019,1,serchhip,1047
3679,mizoram,2019,1,saiha,638
3680,mizoram,2019,2,aizawl,15934
3681,mizoram,2019,2,lunglei,3575
3682,mizoram,2019,2,lawngtlai,2133
3683,mizoram,2019,2,kolasib,2120
3684,mizoram,2019,2,champhai,1429
3685,mizoram,2019,2,mamit,1428
3686,mizoram,2019,2,serchhip,1295
3687,mizoram,2019,2,saiha,782
3688,mizoram,2019,3,aizawl,18992
3689,mizoram,2019,3,lunglei,4197
3690,mizoram,2019,3,lawngtlai,2647
3691,mizoram,2019,3,kolasib,2497
3692,mizoram,2019,3,champhai,1733
3693,mizoram,2019,3,mamit,1655
3694,mizoram,2019,3,serchhip,1512
3695,mizoram,2019,3,saiha,901
3696,mizoram,2019,4,aizawl,21865
3697,mizoram,2019,4,lunglei,4926
3698,mizoram,2019,4,lawngtlai,3255
3699,mizoram,2019,4,kolasib,2929
3700,mizoram,2019,4,champhai,2067
3701,mizoram,2019,4,mamit,1996
3702,mizoram,2019,4,serchhip,1735
3703,mizoram,2019,4,saiha,1036
3704,mizoram,2020,1,aizawl,25253
3705,mizoram,2020,1,lunglei,5778
3706,mizoram,2020,1,lawngtlai,3996
3707,mizoram,2020,1,kolasib,3360
3708,mizoram,2020,1,champhai,2448
3709,mizoram,2020,1,mamit,2379
3710,mizoram,2020,1,serchhip,1992
3711,mizoram,2020,1,saiha,1293
3712,mizoram,2020,2,aizawl,29637
3713,mizoram,2020,2,lunglei,7006
3714,mizoram,2020,2,lawngtlai,4977
3715,mizoram,2020,2,kolasib,4022
3716,mizoram,2020,2,champhai,3052
3717,mizoram,2020,2,mamit,2911
3718,mizoram,2020,2,serchhip,2379
3719,mizoram,2020,2,saiha,1590
3720,mizoram,2020,3,aizawl,36225
3721,mizoram,2020,3,lunglei,8442
3722,mizoram,2020,3,lawngtlai,6412
3723,mizoram,2020,3,kolasib,4923
3724,mizoram,2020,3,champhai,3883
3725,mizoram,2020,3,mamit,3597
3726,mizoram,2020,3,serchhip,2871
3727,mizoram,2020,3,saiha,1962
3728,mizoram,2020,4,aizawl,41500
3729,mizoram,2020,4,lunglei,9794
3730,mizoram,2020,4,lawngtlai,7618
3731,mizoram,2020,4,kolasib,5599
3732,mizoram,2020,4,champhai,4550
3733,mizoram,2020,4,mamit,4083
3734,mizoram,2020,4,serchhip,3313
3735,mizoram,2020,4,saiha,2274
3736,mizoram,2021,1,aizawl,45103
3737,mizoram,2021,1,lunglei,10638
3738,mizoram,2021,1,lawngtlai,8386
3739,mizoram,2021,1,kolasib,6120
3740,mizoram,2021,1,champhai,4968
3741,mizoram,2021,1,mamit,4467
3742,mizoram,2021,1,serchhip,3582
3743,mizoram,2021,1,saiha,2486
3744,mizoram,2021,2,aizawl,48525
3745,mizoram,2021,2,lunglei,11491
3746,mizoram,2021,2,lawngtlai,9096
3747,mizoram,2021,2,kolasib,6624
3748,mizoram,2021,2,champhai,5366
3749,mizoram,2021,2,mamit,4882
3750,mizoram,2021,2,serchhip,3884
3751,mizoram,2021,2,saiha,2684
3752,mizoram,2021,3,aizawl,52313
3753,mizoram,2021,3,lunglei,12614
3754,mizoram,2021,3,lawngtlai,9954
3755,mizoram,2021,3,kolasib,7229
3756,mizoram,2021,3,champhai,5935
3757,mizoram,2021,3,mamit,5392
3758,mizoram,2021,3,serchhip,4255
3759,mizoram,2021,3,saiha,2955
3760,mizoram,2021,4,aizawl,56005
3761,mizoram,2021,4,lunglei,13668
3762,mizoram,2021,4,lawngtlai,10738
3763,mizoram,2021,4,kolasib,7850
3764,mizoram,2021,4,champhai,6447
3765,mizoram,2021,4,mamit,5887
3766,mizoram,2021,4,serchhip,4614
3767,mizoram,2021,4,saiha,3196
3768,mizoram,2022,1,aizawl,59433
3769,mizoram,2022,1,lunglei,14538
3770,mizoram,2022,1,lawngtlai,11459
3771,mizoram,2022,1,kolasib,8375
3772,mizoram,2022,1,champhai,6875
3773,mizoram,2022,1,mamit,6299
3774,mizoram,2022,1,serchhip,4906
3775,mizoram,2022,1,saiha,3410
3776,mizoram,2022,2,aizawl,62605
3777,mizoram,2022,2,lunglei,15302
3778,mizoram,2022,2,lawngtlai,12114
3779,mizoram,2022,2,kolasib,8872
3780,mizoram,2022,2,champhai,7233
3781,mizoram,2022,2,mamit,6641
3782,mizoram,2022,2,serchhip,5170
3783,mizoram,2022,2,saiha,3598
3784,mizoram,2022,3,aizawl,65940
3785,mizoram,2022,3,lunglei,16062
3786,mizoram,2022,3,lawngtlai,12771
3787,mizoram,2022,3,kolasib,9300
3788,mizoram,2022,3,champhai,7576
3789,mizoram,2022,3,mamit,6931
3790,mizoram,2022,3,serchhip,5390
3791,mizoram,2022,3,saiha,3765
3792,mizoram,2022,4,aizawl,68925
3793,mizoram,2022,4,lunglei,16676
3794,mizoram,2022,4,lawngtlai,13303
3795,mizoram,2022,4,kolasib,9602
3796,mizoram,2022,4,champhai,7814
3797,mizoram,2022,4,mamit,7086
3798,mizoram,2022,4,serchhip,5551
3799,mizoram,2022,4,saiha,3913
3800,nagaland,2018,1,dimapur,8249
3801,nagaland,2018,1,kohima,3036
3802,nagaland,2018,1,mokokchung,1043
3803,nagaland,2018,1,mon,525
3804,nagaland,2018,1,phek,487
3805,nagaland,2018,1,wokha,465
3806,nagaland,2018,1,zunheboto,385
3807,nagaland,2018,1,tuensang,377
3808,nagaland,2018,1,peren,218
3809,nagaland,2018,1,kiphire,168
3810,nagaland,2018,2,dimapur,12093
3811,nagaland,2018,2,kohima,4395
3812,nagaland,2018,2,mokokchung,1616
3813,nagaland,2018,2,mon,892
3814,nagaland,2018,2,phek,736
3815,nagaland,2018,2,wokha,703
3816,nagaland,2018,2,tuensang,594
3817,nagaland,2018,2,zunheboto,593
3818,nagaland,2018,2,peren,358
3819,nagaland,2018,2,kiphire,258
3820,nagaland,2018,3,dimapur,17039
3821,nagaland,2018,3,kohima,6298
3822,nagaland,2018,3,mokokchung,2313
3823,nagaland,2018,3,mon,1287
3824,nagaland,2018,3,phek,1083
3825,nagaland,2018,3,wokha,1017
3826,nagaland,2018,3,tuensang,934
3827,nagaland,2018,3,zunheboto,821
3828,nagaland,2018,3,peren,526
3829,nagaland,2018,3,kiphire,465
3830,nagaland,2018,4,dimapur,22603
3831,nagaland,2018,4,kohima,8583
3832,nagaland,2018,4,mokokchung,2986
3833,nagaland,2018,4,mon,1884
3834,nagaland,2018,4,phek,1419
3835,nagaland,2018,4,wokha,1391
3836,nagaland,2018,4,tuensang,1261
3837,nagaland,2018,4,zunheboto,1099
3838,nagaland,2018,4,peren,710
3839,nagaland,2018,4,kiphire,661
3840,nagaland,2019,1,dimapur,28091
3841,nagaland,2019,1,kohima,10747
3842,nagaland,2019,1,mokokchung,3721
3843,nagaland,2019,1,mon,2458
3844,nagaland,2019,1,wokha,1830
3845,nagaland,2019,1,phek,1727
3846,nagaland,2019,1,tuensang,1678
3847,nagaland,2019,1,zunheboto,1374
3848,nagaland,2019,1,peren,884
3849,nagaland,2019,1,kiphire,862
3850,nagaland,2019,2,dimapur,34567
3851,nagaland,2019,2,kohima,13108
3852,nagaland,2019,2,mokokchung,4655
3853,nagaland,2019,2,mon,3210
3854,nagaland,2019,2,wokha,2411
3855,nagaland,2019,2,tuensang,2152
3856,nagaland,2019,2,phek,2143
3857,nagaland,2019,2,zunheboto,1680
3858,nagaland,2019,2,peren,1148
3859,nagaland,2019,2,kiphire,1084
3860,nagaland,2019,3,dimapur,41036
3861,nagaland,2019,3,kohima,15677
3862,nagaland,2019,3,mokokchung,5593
3863,nagaland,2019,3,mon,3976
3864,nagaland,2019,3,wokha,2961
3865,nagaland,2019,3,phek,2642
3866,nagaland,2019,3,tuensang,2599
3867,nagaland,2019,3,zunheboto,2058
3868,nagaland,2019,3,peren,1377
3869,nagaland,2019,3,kiphire,1251
3870,nagaland,2019,4,dimapur,47000
3871,nagaland,2019,4,kohima,18232
3872,nagaland,2019,4,mokokchung,6606
3873,nagaland,2019,4,mon,4863
3874,nagaland,2019,4,wokha,3540
3875,nagaland,2019,4,phek,3109
3876,nagaland,2019,4,tuensang,3081
3877,nagaland,2019,4,zunheboto,2475
3878,nagaland,2019,4,peren,1623
3879,nagaland,2019,4,kiphire,1460
3880,nagaland,2020,1,dimapur,53696
3881,nagaland,2020,1,kohima,20644
3882,nagaland,2020,1,mokokchung,7626
3883,nagaland,2020,1,mon,5747
3884,nagaland,2020,1,wokha,4118
3885,nagaland,2020,1,phek,3637
3886,nagaland,2020,1,tuensang,3634
3887,nagaland,2020,1,zunheboto,2898
3888,nagaland,2020,1,peren,1899
3889,nagaland,2020,1,kiphire,1814
3890,nagaland,2020,2,dimapur,63398
3891,nagaland,2020,2,kohima,24236
3892,nagaland,2020,2,mokokchung,9559
3893,nagaland,2020,2,mon,7917
3894,nagaland,2020,2,wokha,5296
3895,nagaland,2020,2,tuensang,4779
3896,nagaland,2020,2,phek,4535
3897,nagaland,2020,2,zunheboto,3647
3898,nagaland,2020,2,peren,2534
3899,nagaland,2020,2,kiphire,2423
3900,nagaland,2020,3,dimapur,79061
3901,nagaland,2020,3,kohima,31483
3902,nagaland,2020,3,mon,13591
3903,nagaland,2020,3,mokokchung,13155
3904,nagaland,2020,3,wokha,7980
3905,nagaland,2020,3,tuensang,7220
3906,nagaland,2020,3,phek,6151
3907,nagaland,2020,3,zunheboto,4942
3908,nagaland,2020,3,peren,3486
3909,nagaland,2020,3,kiphire,3306
3910,nagaland,2020,4,dimapur,87807
3911,nagaland,2020,4,kohima,34872
3912,nagaland,2020,4,mon,14932
3913,nagaland,2020,4,mokokchung,14511
3914,nagaland,2020,4,wokha,8821
3915,nagaland,2020,4,tuensang,8177
3916,nagaland,2020,4,phek,6888
3917,nagaland,2020,4,zunheboto,5541
3918,nagaland,2020,4,peren,3919
3919,nagaland,2020,4,kiphire,3629
3920,nagaland,2021,1,dimapur,94968
3921,nagaland,2021,1,kohima,37488
3922,nagaland,2021,1,mon,16154
3923,nagaland,2021,1,mokokchung,15634
3924,nagaland,2021,1,wokha,9531
3925,nagaland,2021,1,tuensang,8866
3926,nagaland,2021,1,phek,7536
3927,nagaland,2021,1,zunheboto,6013
3928,nagaland,2021,1,peren,4286
3929,nagaland,2021,1,kiphire,3904
3930,nagaland,2021,2,dimapur,101835
3931,nagaland,2021,2,kohima,40277
3932,nagaland,2021,2,mon,17389
3933,nagaland,2021,2,mokokchung,16857
3934,nagaland,2021,2,wokha,10232
3935,nagaland,2021,2,tuensang,9565
3936,nagaland,2021,2,phek,8134
3937,nagaland,2021,2,zunheboto,6487
3938,nagaland,2021,2,peren,4641
3939,nagaland,2021,2,kiphire,4224
3940,nagaland,2021,3,dimapur,109644
3941,nagaland,2021,3,kohima,43467
3942,nagaland,2021,3,mon,18911
3943,nagaland,2021,3,mokokchung,18340
3944,nagaland,2021,3,wokha,11126
3945,nagaland,2021,3,tuensang,10433
3946,nagaland,2021,3,phek,8933
3947,nagaland,2021,3,zunheboto,7147
3948,nagaland,2021,3,peren,5089
3949,nagaland,2021,3,kiphire,4626
3950,nagaland,2021,4,dimapur,117388
3951,nagaland,2021,4,kohima,46621
3952,nagaland,2021,4,mon,20409
3953,nagaland,2021,4,mokokchung,19747
3954,nagaland,2021,4,wokha,11994
3955,nagaland,2021,4,tuensang,11300
3956,nagaland,2021,4,phek,9753
3957,nagaland,2021,4,zunheboto,7765
3958,nagaland,2021,4,peren,5509
3959,nagaland,2021,4,kiphire,5047
3960,nagaland,2022,1,dimapur,124644
3961,nagaland,2022,1,kohima,49523
3962,nagaland,2022,1,mon,21773
3963,nagaland,2022,1,mokokchung,21029
3964,nagaland,2022,1,wokha,12743
3965,nagaland,2022,1,tuensang,12057
3966,nagaland,2022,1,phek,10413
3967,nagaland,2022,1,zunheboto,8280
3968,nagaland,2022,1,peren,5881
3969,nagaland,2022,1,kiphire,5368
3970,nagaland,2022,2,dimapur,131738
3971,nagaland,2022,2,kohima,52343
3972,nagaland,2022,2,mon,23037
3973,nagaland,2022,2,mokokchung,22136
3974,nagaland,2022,2,wokha,13417
3975,nagaland,2022,2,tuensang,12747
3976,nagaland,2022,2,phek,11005
3977,nagaland,2022,2,zunheboto,8753
3978,nagaland,2022,2,peren,6212
3979,nagaland,2022,2,kiphire,5687
3980,nagaland,2022,3,dimapur,139011
3981,nagaland,2022,3,kohima,55046
3982,nagaland,2022,3,mon,24237
3983,nagaland,2022,3,mokokchung,23192
3984,nagaland,2022,3,wokha,14092
3985,nagaland,2022,3,tuensang,13393
3986,nagaland,2022,3,phek,11494
3987,nagaland,2022,3,zunheboto,9128
3988,nagaland,2022,3,peren,6534
3989,nagaland,2022,3,kiphire,5963
3990,nagaland,2022,4,dimapur,145923
3991,nagaland,2022,4,kohima,57592
3992,nagaland,2022,4,mon,25340
3993,nagaland,2022,4,mokokchung,24045
3994,nagaland,2022,4,wokha,14702
3995,nagaland,2022,4,tuensang,13900
3996,nagaland,2022,4,phek,11847
3997,nagaland,2022,4,zunheboto,9422
3998,nagaland,2022,4,peren,6750
3999,nagaland,2022,4,kiphire,6211
4000,odisha,2018,1,khordha,308390
4001,odisha,2018,1,cuttack,135972
4002,odisha,2018,1,ganjam,126158
4003,odisha,2018,1,baleshwar,100919
4004,odisha,2018,1,jajapur,81133
4005,odisha,2018,1,sundargarh,75201
4006,odisha,2018,1,puri,69923
4007,odisha,2018,1,kendujhar,58968
4008,odisha,2018,1,bhadrak,58050
4009,odisha,2018,1,anugul,56617
4010,odisha,2018,2,khordha,406689
4011,odisha,2018,2,cuttack,187723
4012,odisha,2018,2,ganjam,169386
4013,odisha,2018,2,baleshwar,139968
4014,odisha,2018,2,jajapur,114580
4015,odisha,2018,2,sundargarh,102838
4016,odisha,2018,2,puri,97920
4017,odisha,2018,2,kendujhar,83050
4018,odisha,2018,2,bhadrak,81249
4019,odisha,2018,2,anugul,76885
4020,odisha,2018,3,khordha,499472
4021,odisha,2018,3,cuttack,239067
4022,odisha,2018,3,ganjam,217114
4023,odisha,2018,3,baleshwar,180370
4024,odisha,2018,3,jajapur,149049
4025,odisha,2018,3,sundargarh,130288
4026,odisha,2018,3,puri,124859
4027,odisha,2018,3,kendujhar,108387
4028,odisha,2018,3,bhadrak,105030
4029,odisha,2018,3,anugul,97856
4030,odisha,2018,4,khordha,626645
4031,odisha,2018,4,cuttack,310337
4032,odisha,2018,4,ganjam,279943
4033,odisha,2018,4,baleshwar,231913
4034,odisha,2018,4,jajapur,201210
4035,odisha,2018,4,sundargarh,166328
4036,odisha,2018,4,puri,163528
4037,odisha,2018,4,kendujhar,142222
4038,odisha,2018,4,bhadrak,141565
4039,odisha,2018,4,anugul,124644
4040,odisha,2019,1,khordha,745457
4041,odisha,2019,1,cuttack,372513
4042,odisha,2019,1,ganjam,332190
4043,odisha,2019,1,baleshwar,271095
4044,odisha,2019,1,jajapur,236643
4045,odisha,2019,1,sundargarh,198716
4046,odisha,2019,1,puri,195690
4047,odisha,2019,1,kendujhar,167750
4048,odisha,2019,1,bhadrak,166600
4049,odisha,2019,1,anugul,150627
4050,odisha,2019,2,khordha,826007
4051,odisha,2019,2,cuttack,417809
4052,odisha,2019,2,ganjam,373530
4053,odisha,2019,2,baleshwar,299757
4054,odisha,2019,2,jajapur,260311
4055,odisha,2019,2,sundargarh,226776
4056,odisha,2019,2,puri,217206
4057,odisha,2019,2,kendujhar,188657
4058,odisha,2019,2,bhadrak,187084
4059,odisha,2019,2,anugul,169261
4060,odisha,2019,3,khordha,916565
4061,odisha,2019,3,cuttack,472851
4062,odisha,2019,3,ganjam,414068
4063,odisha,2019,3,baleshwar,329289
4064,odisha,2019,3,jajapur,290776
4065,odisha,2019,3,sundargarh,253356
4066,odisha,2019,3,puri,247141
4067,odisha,2019,3,bhadrak,208757
4068,odisha,2019,3,kendujhar,208218
4069,odisha,2019,3,anugul,187022
4070,odisha,2019,4,khordha,1014134
4071,odisha,2019,4,cuttack,534970
4072,odisha,2019,4,ganjam,469522
4073,odisha,2019,4,baleshwar,377976
4074,odisha,2019,4,jajapur,332074
4075,odisha,2019,4,puri,285955
4076,odisha,2019,4,sundargarh,284913
4077,odisha,2019,4,bhadrak,243586
4078,odisha,2019,4,kendujhar,234041
4079,odisha,2019,4,anugul,211167
4080,odisha,2020,1,khordha,1083466
4081,odisha,2020,1,cuttack,578471
4082,odisha,2020,1,ganjam,512643
4083,odisha,2020,1,baleshwar,410789
4084,odisha,2020,1,jajapur,359087
4085,odisha,2020,1,sundargarh,313040
4086,odisha,2020,1,puri,311477
4087,odisha,2020,1,bhadrak,265259
4088,odisha,2020,1,kendujhar,253988
4089,odisha,2020,1,anugul,228339
4090,odisha,2020,2,khordha,1152010
4091,odisha,2020,2,cuttack,624922
4092,odisha,2020,2,ganjam,560047
4093,odisha,2020,2,baleshwar,445299
4094,odisha,2020,2,jajapur,387797
4095,odisha,2020,2,sundargarh,346937
4096,odisha,2020,2,puri,338770
4097,odisha,2020,2,bhadrak,289015
4098,odisha,2020,2,kendujhar,277734
4099,odisha,2020,2,anugul,248700
4100,odisha,2020,3,khordha,1232760
4101,odisha,2020,3,cuttack,676102
4102,odisha,2020,3,ganjam,611699
4103,odisha,2020,3,baleshwar,481741
4104,odisha,2020,3,jajapur,417525
4105,odisha,2020,3,sundargarh,381666
4106,odisha,2020,3,puri,369877
4107,odisha,2020,3,bhadrak,314312
4108,odisha,2020,3,kendujhar,302384
4109,odisha,2020,3,mayurbhanj,270844
4110,odisha,2020,4,khordha,1323794
4111,odisha,2020,4,cuttack,732786
4112,odisha,2020,4,ganjam,669973
4113,odisha,2020,4,baleshwar,520429
4114,odisha,2020,4,jajapur,451339
4115,odisha,2020,4,sundargarh,418311
4116,odisha,2020,4,puri,402457
4117,odisha,2020,4,bhadrak,342034
4118,odisha,2020,4,kendujhar,328498
4119,odisha,2020,4,mayurbhanj,295929
4120,odisha,2021,1,khordha,1415897
4121,odisha,2021,1,cuttack,784846
4122,odisha,2021,1,ganjam,721311
4123,odisha,2021,1,baleshwar,557273
4124,odisha,2021,1,jajapur,484003
4125,odisha,2021,1,sundargarh,450776
4126,odisha,2021,1,puri,431553
4127,odisha,2021,1,bhadrak,366825
4128,odisha,2021,1,kendujhar,352967
4129,odisha,2021,1,mayurbhanj,318465
4130,odisha,2021,2,khordha,1511068
4131,odisha,2021,2,cuttack,838924
4132,odisha,2021,2,ganjam,772409
4133,odisha,2021,2,baleshwar,596366
4134,odisha,2021,2,jajapur,518570
4135,odisha,2021,2,sundargarh,482937
4136,odisha,2021,2,puri,462146
4137,odisha,2021,2,bhadrak,392928
4138,odisha,2021,2,kendujhar,379263
4139,odisha,2021,2,mayurbhanj,342898
4140,odisha,2021,3,khordha,1618171
4141,odisha,2021,3,cuttack,900706
4142,odisha,2021,3,ganjam,831869
4143,odisha,2021,3,baleshwar,641826
4144,odisha,2021,3,jajapur,558822
4145,odisha,2021,3,sundargarh,520155
4146,odisha,2021,3,puri,497069
4147,odisha,2021,3,bhadrak,423068
4148,odisha,2021,3,kendujhar,410049
4149,odisha,2021,3,mayurbhanj,371425
4150,odisha,2021,4,khordha,1725313
4151,odisha,2021,4,cuttack,962341
4152,odisha,2021,4,ganjam,889686
4153,odisha,2021,4,baleshwar,685881
4154,odisha,2021,4,jajapur,598043
4155,odisha,2021,4,sundargarh,556973
4156,odisha,2021,4,puri,531127
4157,odisha,2021,4,bhadrak,452384
4158,odisha,2021,4,kendujhar,440078
4159,odisha,2021,4,mayurbhanj,399076
4160,odisha,2022,1,khordha,1827307
4161,odisha,2022,1,cuttack,1021526
4162,odisha,2022,1,ganjam,946066
4163,odisha,2022,1,baleshwar,728990
4164,odisha,2022,1,jajapur,636291
4165,odisha,2022,1,sundargarh,592346
4166,odisha,2022,1,puri,564442
4167,odisha,2022,1,bhadrak,481063
4168,odisha,2022,1,kendujhar,469295
4169,odisha,2022,1,mayurbhanj,426398
4170,odisha,2022,2,khordha,1924289
4171,odisha,2022,2,cuttack,1077286
4172,odisha,2022,2,ganjam,999398
4173,odisha,2022,2,baleshwar,769737
4174,odisha,2022,2,jajapur,672209
4175,odisha,2022,2,sundargarh,625606
4176,odisha,2022,2,puri,595694
4177,odisha,2022,2,bhadrak,507695
4178,odisha,2022,2,kendujhar,496154
4179,odisha,2022,2,mayurbhanj,451049
4180,odisha,2022,3,khordha,2025108
4181,odisha,2022,3,cuttack,1135881
4182,odisha,2022,3,ganjam,1054407
4183,odisha,2022,3,baleshwar,812109
4184,odisha,2022,3,jajapur,709685
4185,odisha,2022,3,sundargarh,658859
4186,odisha,2022,3,puri,627710
4187,odisha,2022,3,bhadrak,535581
4188,odisha,2022,3,kendujhar,523219
4189,odisha,2022,3,mayurbhanj,475312
4190,odisha,2022,4,khordha,2124474
4191,odisha,2022,4,cuttack,1190925
4192,odisha,2022,4,ganjam,1105095
4193,odisha,2022,4,baleshwar,850800
4194,odisha,2022,4,jajapur,743948
4195,odisha,2022,4,sundargarh,689753
4196,odisha,2022,4,puri,657668
4197,odisha,2022,4,bhadrak,560896
4198,odisha,2022,4,kendujhar,547019
4199,odisha,2022,4,mayurbhanj,495920
4200,puducherry,2018,1,puducherry,42117
4201,puducherry,2018,1,karaikal,3628
4202,puducherry,2018,1,yanam,2500
4203,puducherry,2018,1,mahe,1073
4204,puducherry,2018,2,puducherry,55513
4205,puducherry,2018,2,karaikal,5393
4206,puducherry,2018,2,yanam,3232
4207,puducherry,2018,2,mahe,1442
4208,puducherry,2018,3,puducherry,68634
4209,puducherry,2018,3,karaikal,7174
4210,puducherry,2018,3,yanam,3926
4211,puducherry,2018,3,mahe,1812
4212,puducherry,2018,4,puducherry,92629
4213,puducherry,2018,4,karaikal,9578
4214,puducherry,2018,4,yanam,4901
4215,puducherry,2018,4,mahe,2386
4216,puducherry,2019,1,puducherry,112798
4217,puducherry,2019,1,karaikal,11549
4218,puducherry,2019,1,yanam,5814
4219,puducherry,2019,1,mahe,2898
4220,puducherry,2019,2,puducherry,132703
4221,puducherry,2019,2,karaikal,13827
4222,puducherry,2019,2,yanam,6485
4223,puducherry,2019,2,mahe,3443
4224,puducherry,2019,3,puducherry,150642
4225,puducherry,2019,3,karaikal,15875
4226,puducherry,2019,3,yanam,7342
4227,puducherry,2019,3,mahe,4009
4228,puducherry,2019,4,puducherry,173175
4229,puducherry,2019,4,karaikal,18134
4230,puducherry,2019,4,yanam,8287
4231,puducherry,2019,4,mahe,4696
4232,puducherry,2020,1,puducherry,195398
4233,puducherry,2020,1,karaikal,20775
4234,puducherry,2020,1,yanam,9266
4235,puducherry,2020,1,mahe,5469
4236,puducherry,2020,2,puducherry,215429
4237,puducherry,2020,2,karaikal,23612
4238,puducherry,2020,2,yanam,10164
4239,puducherry,2020,2,mahe,6395
4240,puducherry,2020,3,puducherry,239707
4241,puducherry,2020,3,karaikal,26910
4242,puducherry,2020,3,yanam,11054
4243,puducherry,2020,3,mahe,7502
4244,puducherry,2020,4,puducherry,267946
4245,puducherry,2020,4,karaikal,30982
4246,puducherry,2020,4,yanam,12131
4247,puducherry,2020,4,mahe,8567
4248,puducherry,2021,1,puducherry,290107
4249,puducherry,2021,1,karaikal,33876
4250,puducherry,2021,1,yanam,13005
4251,puducherry,2021,1,mahe,9291
4252,puducherry,2021,2,puducherry,309892
4253,puducherry,2021,2,karaikal,36328
4254,puducherry,2021,2,yanam,13854
4255,puducherry,2021,2,mahe,9887
4256,puducherry,2021,3,puducherry,332193
4257,puducherry,2021,3,karaikal,39011
4258,puducherry,2021,3,yanam,14823
4259,puducherry,2021,3,mahe,10582
4260,puducherry,2021,4,puducherry,354425
4261,puducherry,2021,4,karaikal,41695
4262,puducherry,2021,4,yanam,15809
4263,puducherry,2021,4,mahe,11238
4264,puducherry,2022,1,puducherry,375238
4265,puducherry,2022,1,karaikal,44201
4266,puducherry,2022,1,yanam,16747
4267,puducherry,2022,1,mahe,11865
4268,puducherry,2022,2,puducherry,394977
4269,puducherry,2022,2,karaikal,46573
4270,puducherry,2022,2,yanam,17644
4271,puducherry,2022,2,mahe,12469
4272,puducherry,2022,3,puducherry,415847
4273,puducherry,2022,3,karaikal,49034
4274,puducherry,2022,3,yanam,18606
4275,puducherry,2022,3,mahe,13083
4276,puducherry,2022,4,puducherry,436067
4277,puducherry,2022,4,karaikal,51364
4278,puducherry,2022,4,yanam,19579
4279,puducherry,2022,4,mahe,13639
4280,punjab,2018,1,ludhiana,168625
4281,punjab,2018,1,sas nagar,121113
4282,punjab,2018,1,patiala,66507
4283,punjab,2018,1,amritsar,59685
4284,punjab,2018,1,jalandhar,57808
4285,punjab,2018,1,bathinda,52466
4286,punjab,2018,1,fazilka,44823
4287,punjab,2018,1,sangrur,37485
4288,punjab,2018,1,hoshiarpur,25348
4289,punjab,2018,1,gurdaspur,21372
4290,punjab,2018,2,ludhiana,230404
4291,punjab,2018,2,sas nagar,161605
4292,punjab,2018,2,patiala,90123
4293,punjab,2018,2,amritsar,82735
4294,punjab,2018,2,jalandhar,79991
4295,punjab,2018,2,bathinda,70948
4296,punjab,2018,2,fazilka,60134
4297,punjab,2018,2,sangrur,50749
4298,punjab,2018,2,hoshiarpur,34576
4299,punjab,2018,2,gurdaspur,29910
4300,punjab,2018,3,ludhiana,296414
4301,punjab,2018,3,sas nagar,201458
4302,punjab,2018,3,patiala,113902
4303,punjab,2018,3,amritsar,108935
4304,punjab,2018,3,jalandhar,104824
4305,punjab,2018,3,bathinda,88508
4306,punjab,2018,3,fazilka,73785
4307,punjab,2018,3,sangrur,64978
4308,punjab,2018,3,hoshiarpur,45862
4309,punjab,2018,3,gurdaspur,39920
4310,punjab,2018,4,ludhiana,378237
4311,punjab,2018,4,sas nagar,250733
4312,punjab,2018,4,patiala,142989
4313,punjab,2018,4,amritsar,141933
4314,punjab,2018,4,jalandhar,135966
4315,punjab,2018,4,bathinda,109505
4316,punjab,2018,4,fazilka,89590
4317,punjab,2018,4,sangrur,82334
4318,punjab,2018,4,hoshiarpur,59684
4319,punjab,2018,4,gurdaspur,51644
4320,punjab,2019,1,ludhiana,454370
4321,punjab,2019,1,sas nagar,298288
4322,punjab,2019,1,amritsar,171264
4323,punjab,2019,1,patiala,169872
4324,punjab,2019,1,jalandhar,164130
4325,punjab,2019,1,bathinda,128070
4326,punjab,2019,1,fazilka,104942
4327,punjab,2019,1,sangrur,97326
4328,punjab,2019,1,hoshiarpur,72128
4329,punjab,2019,1,gurdaspur,62502
4330,punjab,2019,2,ludhiana,528745
4331,punjab,2019,2,sas nagar,343153
4332,punjab,2019,2,amritsar,206517
4333,punjab,2019,2,patiala,199960
4334,punjab,2019,2,jalandhar,195283
4335,punjab,2019,2,bathinda,145282
4336,punjab,2019,2,fazilka,118707
4337,punjab,2019,2,sangrur,111996
4338,punjab,2019,2,hoshiarpur,86022
4339,punjab,2019,2,gurdaspur,75170
4340,punjab,2019,3,ludhiana,601479
4341,punjab,2019,3,sas nagar,385263
4342,punjab,2019,3,amritsar,238628
4343,punjab,2019,3,patiala,229488
4344,punjab,2019,3,jalandhar,225027
4345,punjab,2019,3,bathinda,162800
4346,punjab,2019,3,fazilka,132573
4347,punjab,2019,3,sangrur,127329
4348,punjab,2019,3,hoshiarpur,99272
4349,punjab,2019,3,gurdaspur,87043
4350,punjab,2019,4,ludhiana,671579
4351,punjab,2019,4,sas nagar,422041
4352,punjab,2019,4,amritsar,268663
4353,punjab,2019,4,patiala,256911
4354,punjab,2019,4,jalandhar,251259
4355,punjab,2019,4,bathinda,180722
4356,punjab,2019,4,fazilka,149868
4357,punjab,2019,4,sangrur,143162
4358,punjab,2019,4,hoshiarpur,113296
4359,punjab,2019,4,gurdaspur,100393
4360,punjab,2020,1,ludhiana,756590
4361,punjab,2020,1,sas nagar,460416
4362,punjab,2020,1,amritsar,303767
4363,punjab,2020,1,patiala,287330
4364,punjab,2020,1,jalandhar,282191
4365,punjab,2020,1,bathinda,200425
4366,punjab,2020,1,fazilka,168714
4367,punjab,2020,1,sangrur,161513
4368,punjab,2020,1,hoshiarpur,129693
4369,punjab,2020,1,gurdaspur,116534
4370,punjab,2020,2,ludhiana,853140
4371,punjab,2020,2,sas nagar,498018
4372,punjab,2020,2,amritsar,343732
4373,punjab,2020,2,patiala,323801
4374,punjab,2020,2,jalandhar,320498
4375,punjab,2020,2,bathinda,222968
4376,punjab,2020,2,fazilka,188515
4377,punjab,2020,2,sangrur,183342
4378,punjab,2020,2,hoshiarpur,153462
4379,punjab,2020,2,gurdaspur,137571
4380,punjab,2020,3,ludhiana,944936
4381,punjab,2020,3,sas nagar,540527
4382,punjab,2020,3,amritsar,383166
4383,punjab,2020,3,jalandhar,359980
4384,punjab,2020,3,patiala,358126
4385,punjab,2020,3,bathinda,245674
4386,punjab,2020,3,fazilka,208929
4387,punjab,2020,3,sangrur,204491
4388,punjab,2020,3,hoshiarpur,173002
4389,punjab,2020,3,gurdaspur,155619
4390,punjab,2020,4,ludhiana,1037696
4391,punjab,2020,4,sas nagar,586500
4392,punjab,2020,4,amritsar,423283
4393,punjab,2020,4,jalandhar,396951
4394,punjab,2020,4,patiala,391658
4395,punjab,2020,4,bathinda,267808
4396,punjab,2020,4,fazilka,228837
4397,punjab,2020,4,sangrur,225211
4398,punjab,2020,4,hoshiarpur,191711
4399,punjab,2020,4,gurdaspur,173650
4400,punjab,2021,1,ludhiana,1121835
4401,punjab,2021,1,sas nagar,631136
4402,punjab,2021,1,amritsar,456913
4403,punjab,2021,1,jalandhar,428704
4404,punjab,2021,1,patiala,421866
4405,punjab,2021,1,bathinda,288460
4406,punjab,2021,1,fazilka,247363
4407,punjab,2021,1,sangrur,243382
4408,punjab,2021,1,hoshiarpur,207567
4409,punjab,2021,1,gurdaspur,187933
4410,punjab,2021,2,ludhiana,1204126
4411,punjab,2021,2,sas nagar,675022
4412,punjab,2021,2,amritsar,489463
4413,punjab,2021,2,jalandhar,459789
4414,punjab,2021,2,patiala,452152
4415,punjab,2021,2,bathinda,309805
4416,punjab,2021,2,fazilka,265874
4417,punjab,2021,2,sangrur,261746
4418,punjab,2021,2,hoshiarpur,223227
4419,punjab,2021,2,gurdaspur,201976
4420,punjab,2021,3,ludhiana,1296796
4421,punjab,2021,3,sas nagar,723884
4422,punjab,2021,3,amritsar,525756
4423,punjab,2021,3,jalandhar,494582
4424,punjab,2021,3,patiala,486329
4425,punjab,2021,3,bathinda,333661
4426,punjab,2021,3,fazilka,287001
4427,punjab,2021,3,sangrur,282372
4428,punjab,2021,3,hoshiarpur,240996
4429,punjab,2021,3,gurdaspur,217927
4430,punjab,2021,4,ludhiana,1388951
4431,punjab,2021,4,sas nagar,772068
4432,punjab,2021,4,amritsar,560687
4433,punjab,2021,4,jalandhar,528440
4434,punjab,2021,4,patiala,519356
4435,punjab,2021,4,bathinda,356940
4436,punjab,2021,4,fazilka,307291
4437,punjab,2021,4,sangrur,302394
4438,punjab,2021,4,hoshiarpur,257735
4439,punjab,2021,4,gurdaspur,232798
4440,punjab,2022,1,ludhiana,1476288
4441,punjab,2022,1,sas nagar,817209
4442,punjab,2022,1,amritsar,593970
4443,punjab,2022,1,jalandhar,560393
4444,punjab,2022,1,patiala,550482
4445,punjab,2022,1,bathinda,378864
4446,punjab,2022,1,fazilka,327088
4447,punjab,2022,1,sangrur,321129
4448,punjab,2022,1,hoshiarpur,274004
4449,punjab,2022,1,gurdaspur,247179
4450,punjab,2022,2,ludhiana,1558996
4451,punjab,2022,2,sas nagar,859976
4452,punjab,2022,2,amritsar,625338
4453,punjab,2022,2,jalandhar,590791
4454,punjab,2022,2,patiala,579934
4455,punjab,2022,2,bathinda,399793
4456,punjab,2022,2,fazilka,345717
4457,punjab,2022,2,sangrur,338752
4458,punjab,2022,2,hoshiarpur,289259
4459,punjab,2022,2,gurdaspur,260611
4460,punjab,2022,3,ludhiana,1644780
4461,punjab,2022,3,sas nagar,904073
4462,punjab,2022,3,amritsar,656700
4463,punjab,2022,3,jalandhar,621327
4464,punjab,2022,3,patiala,608884
4465,punjab,2022,3,bathinda,420285
4466,punjab,2022,3,fazilka,363909
4467,punjab,2022,3,sangrur,355769
4468,punjab,2022,3,hoshiarpur,303683
4469,punjab,2022,3,gurdaspur,273518
4470,punjab,2022,4,ludhiana,1728119
4471,punjab,2022,4,sas nagar,946603
4472,punjab,2022,4,amritsar,686055
4473,punjab,2022,4,jalandhar,649918
4474,punjab,2022,4,patiala,635654
4475,punjab,2022,4,bathinda,439064
4476,punjab,2022,4,fazilka,380321
4477,punjab,2022,4,sangrur,370649
4478,punjab,2022,4,hoshiarpur,316389
4479,punjab,2022,4,gurdaspur,284591
4480,rajasthan,2018,1,jaipur,900773
4481,rajasthan,2018,1,alwar,203096
4482,rajasthan,2018,1,jodhpur,172648
4483,rajasthan,2018,1,kota,141411
4484,rajasthan,2018,1,sikar,133983
4485,rajasthan,2018,1,ajmer,118458
4486,rajasthan,2018,1,udaipur,111919
4487,rajasthan,2018,1,bhilwara,111753
4488,rajasthan,2018,1,nagaur,101581
4489,rajasthan,2018,1,jhunjhunu,98912
4490,rajasthan,2018,2,jaipur,1182983
4491,rajasthan,2018,2,alwar,275869
4492,rajasthan,2018,2,jodhpur,229215
4493,rajasthan,2018,2,kota,184759
4494,rajasthan,2018,2,sikar,178308
4495,rajasthan,2018,2,ajmer,157947
4496,rajasthan,2018,2,bhilwara,149055
4497,rajasthan,2018,2,udaipur,146348
4498,rajasthan,2018,2,nagaur,138240
4499,rajasthan,2018,2,jhunjhunu,134221
4500,rajasthan,2018,3,jaipur,1438305
4501,rajasthan,2018,3,alwar,345018
4502,rajasthan,2018,3,jodhpur,278965
4503,rajasthan,2018,3,kota,218406
4504,rajasthan,2018,3,sikar,216465
4505,rajasthan,2018,3,ajmer,193489
4506,rajasthan,2018,3,bhilwara,184376
4507,rajasthan,2018,3,udaipur,176698
4508,rajasthan,2018,3,nagaur,170749
4509,rajasthan,2018,3,jhunjhunu,162942
4510,rajasthan,2018,4,jaipur,1733893
4511,rajasthan,2018,4,alwar,426052
4512,rajasthan,2018,4,jodhpur,352924
4513,rajasthan,2018,4,kota,263264
4514,rajasthan,2018,4,sikar,262310
4515,rajasthan,2018,4,ajmer,237037
4516,rajasthan,2018,4,bhilwara,225409
4517,rajasthan,2018,4,udaipur,216089
4518,rajasthan,2018,4,nagaur,210067
4519,rajasthan,2018,4,jhunjhunu,196607
4520,rajasthan,2019,1,jaipur,2060175
4521,rajasthan,2019,1,alwar,517681
4522,rajasthan,2019,1,jodhpur,434178
4523,rajasthan,2019,1,sikar,318166
4524,rajasthan,2019,1,kota,318085
4525,rajasthan,2019,1,ajmer,290433
4526,rajasthan,2019,1,bhilwara,276384
4527,rajasthan,2019,1,nagaur,259361
4528,rajasthan,2019,1,udaipur,258915
4529,rajasthan,2019,1,jhunjhunu,238956
4530,rajasthan,2019,2,jaipur,2290462
4531,rajasthan,2019,2,alwar,593855
4532,rajasthan,2019,2,jodhpur,499967
4533,rajasthan,2019,2,sikar,366729
4534,rajasthan,2019,2,kota,359152
4535,rajasthan,2019,2,ajmer,335167
4536,rajasthan,2019,2,bhilwara,314517
4537,rajasthan,2019,2,nagaur,301083
4538,rajasthan,2019,2,udaipur,296062
4539,rajasthan,2019,2,jhunjhunu,275603
4540,rajasthan,2019,3,jaipur,2520933
4541,rajasthan,2019,3,alwar,666462
4542,rajasthan,2019,3,jodhpur,557784
4543,rajasthan,2019,3,sikar,412367
4544,rajasthan,2019,3,kota,399776
4545,rajasthan,2019,3,ajmer,378921
4546,rajasthan,2019,3,bhilwara,352747
4547,rajasthan,2019,3,nagaur,337197
4548,rajasthan,2019,3,udaipur,336408
4549,rajasthan,2019,3,jhunjhunu,307034
4550,rajasthan,2019,4,jaipur,2746860
4551,rajasthan,2019,4,alwar,742956
4552,rajasthan,2019,4,jodhpur,622601
4553,rajasthan,2019,4,sikar,464940
4554,rajasthan,2019,4,kota,441496
4555,rajasthan,2019,4,ajmer,426926
4556,rajasthan,2019,4,bhilwara,394803
4557,rajasthan,2019,4,nagaur,383582
4558,rajasthan,2019,4,udaipur,378564
4559,rajasthan,2019,4,jhunjhunu,344011
4560,rajasthan,2020,1,jaipur,2966508
4561,rajasthan,2020,1,alwar,825297
4562,rajasthan,2020,1,jodhpur,695569
4563,rajasthan,2020,1,sikar,522371
4564,rajasthan,2020,1,kota,483202
4565,rajasthan,2020,1,ajmer,482545
4566,rajasthan,2020,1,bhilwara,442746
4567,rajasthan,2020,1,nagaur,437492
4568,rajasthan,2020,1,udaipur,422167
4569,rajasthan,2020,1,jhunjhunu,386643
4570,rajasthan,2020,2,jaipur,3182014
4571,rajasthan,2020,2,alwar,915475
4572,rajasthan,2020,2,jodhpur,786584
4573,rajasthan,2020,2,sikar,589850
4574,rajasthan,2020,2,ajmer,543273
4575,rajasthan,2020,2,kota,529843
4576,rajasthan,2020,2,nagaur,507139
4577,rajasthan,2020,2,bhilwara,494563
4578,rajasthan,2020,2,udaipur,470976
4579,rajasthan,2020,2,jhunjhunu,438673
4580,rajasthan,2020,3,jaipur,3433167
4581,rajasthan,2020,3,alwar,1008033
4582,rajasthan,2020,3,jodhpur,870849
4583,rajasthan,2020,3,sikar,652190
4584,rajasthan,2020,3,ajmer,605298
4585,rajasthan,2020,3,kota,577117
4586,rajasthan,2020,3,nagaur,564788
4587,rajasthan,2020,3,bhilwara,548564
4588,rajasthan,2020,3,udaipur,522695
4589,rajasthan,2020,3,jhunjhunu,484411
4590,rajasthan,2020,4,jaipur,3679874
4591,rajasthan,2020,4,alwar,1096436
4592,rajasthan,2020,4,jodhpur,956422
4593,rajasthan,2020,4,sikar,712668
4594,rajasthan,2020,4,ajmer,667786
4595,rajasthan,2020,4,kota,625674
4596,rajasthan,2020,4,nagaur,621602
4597,rajasthan,2020,4,bhilwara,600492
4598,rajasthan,2020,4,udaipur,572833
4599,rajasthan,2020,4,jhunjhunu,527749
4600,rajasthan,2021,1,jaipur,3951866
4601,rajasthan,2021,1,alwar,1185599
4602,rajasthan,2021,1,jodhpur,1036855
4603,rajasthan,2021,1,sikar,770103
4604,rajasthan,2021,1,ajmer,723852
4605,rajasthan,2021,1,kota,674683
4606,rajasthan,2021,1,nagaur,674465
4607,rajasthan,2021,1,bhilwara,651400
4608,rajasthan,2021,1,udaipur,619264
4609,rajasthan,2021,1,jhunjhunu,569602
4610,rajasthan,2021,2,jaipur,4226231
4611,rajasthan,2021,2,alwar,1273307
4612,rajasthan,2021,2,jodhpur,1114131
4613,rajasthan,2021,2,sikar,826855
4614,rajasthan,2021,2,ajmer,776294
4615,rajasthan,2021,2,nagaur,726871
4616,rajasthan,2021,2,kota,722793
4617,rajasthan,2021,2,bhilwara,701929
4618,rajasthan,2021,2,udaipur,664816
4619,rajasthan,2021,2,jhunjhunu,611825
4620,rajasthan,2021,3,jaipur,4534297
4621,rajasthan,2021,3,alwar,1374586
4622,rajasthan,2021,3,jodhpur,1202937
4623,rajasthan,2021,3,sikar,892015
4624,rajasthan,2021,3,ajmer,835375
4625,rajasthan,2021,3,nagaur,787565
4626,rajasthan,2021,3,kota,777099
4627,rajasthan,2021,3,bhilwara,760232
4628,rajasthan,2021,3,udaipur,716657
4629,rajasthan,2021,3,jhunjhunu,660246
4630,rajasthan,2021,4,jaipur,4841883
4631,rajasthan,2021,4,alwar,1474129
4632,rajasthan,2021,4,jodhpur,1288773
4633,rajasthan,2021,4,sikar,955025
4634,rajasthan,2021,4,ajmer,892912
4635,rajasthan,2021,4,nagaur,845508
4636,rajasthan,2021,4,kota,831250
4637,rajasthan,2021,4,bhilwara,816969
4638,rajasthan,2021,4,udaipur,767224
4639,rajasthan,2021,4,jhunjhunu,706897
4640,rajasthan,2022,1,jaipur,5133527
4641,rajasthan,2022,1,alwar,1570711
4642,rajasthan,2022,1,jodhpur,1370206
4643,rajasthan,2022,1,sikar,1017503
4644,rajasthan,2022,1,ajmer,947827
4645,rajasthan,2022,1,nagaur,901819
4646,rajasthan,2022,1,kota,882916
4647,rajasthan,2022,1,bhilwara,871188
4648,rajasthan,2022,1,udaipur,816476
4649,rajasthan,2022,1,jhunjhunu,752608
4650,rajasthan,2022,2,jaipur,5409763
4651,rajasthan,2022,2,alwar,1661785
4652,rajasthan,2022,2,jodhpur,1444490
4653,rajasthan,2022,2,sikar,1074986
4654,rajasthan,2022,2,ajmer,998746
4655,rajasthan,2022,2,nagaur,952752
4656,rajasthan,2022,2,kota,931689
4657,rajasthan,2022,2,bhilwara,921021
4658,rajasthan,2022,2,udaipur,862053
4659,rajasthan,2022,2,jhunjhunu,795815
4660,rajasthan,2022,3,jaipur,5696726
4661,rajasthan,2022,3,alwar,1755844
4662,rajasthan,2022,3,jodhpur,1517702
4663,rajasthan,2022,3,sikar,1133443
4664,rajasthan,2022,3,ajmer,1050146
4665,rajasthan,2022,3,nagaur,1001401
4666,rajasthan,2022,3,kota,982248
4667,rajasthan,2022,3,bhilwara,971352
4668,rajasthan,2022,3,udaipur,908034
4669,rajasthan,2022,3,jhunjhunu,839052
4670,rajasthan,2022,4,jaipur,5975863
4671,rajasthan,2022,4,alwar,1843138
4672,rajasthan,2022,4,jodhpur,1583620
4673,rajasthan,2022,4,sikar,1185927
4674,rajasthan,2022,4,ajmer,1097266
4675,rajasthan,2022,4,nagaur,1043562
4676,rajasthan,2022,4,kota,1031196
4677,rajasthan,2022,4,bhilwara,1017032
4678,rajasthan,2022,4,udaipur,949767
4679,rajasthan,2022,4,jhunjhunu,876787
4680,sikkim,2018,1,east,12749
4681,sikkim,2018,1,south,3679
4682,sikkim,2018,1,west,2048
4683,sikkim,2018,1,north,1575
4684,sikkim,2018,2,east,17767
4685,sikkim,2018,2,south,5147
4686,sikkim,2018,2,west,2868
4687,sikkim,2018,2,north,2315
4688,sikkim,2018,3,east,23460
4689,sikkim,2018,3,south,6943
4690,sikkim,2018,3,west,4042
4691,sikkim,2018,3,north,3192
4692,sikkim,2018,4,east,29948
4693,sikkim,2018,4,south,8992
4694,sikkim,2018,4,west,5328
4695,sikkim,2018,4,north,4270
4696,sikkim,2019,1,east,36124
4697,sikkim,2019,1,south,11031
4698,sikkim,2019,1,west,6479
4699,sikkim,2019,1,north,5322
4700,sikkim,2019,2,east,43048
4701,sikkim,2019,2,south,13547
4702,sikkim,2019,2,west,8064
4703,sikkim,2019,2,north,6340
4704,sikkim,2019,3,east,49404
4705,sikkim,2019,3,south,16016
4706,sikkim,2019,3,west,9481
4707,sikkim,2019,3,north,7227
4708,sikkim,2019,4,east,55340
4709,sikkim,2019,4,south,18461
4710,sikkim,2019,4,west,11078
4711,sikkim,2019,4,north,8093
4712,sikkim,2020,1,east,61820
4713,sikkim,2020,1,south,21043
4714,sikkim,2020,1,west,12746
4715,sikkim,2020,1,north,9022
4716,sikkim,2020,2,east,69829
4717,sikkim,2020,2,south,24768
4718,sikkim,2020,2,west,15082
4719,sikkim,2020,2,north,10242
4720,sikkim,2020,3,east,78018
4721,sikkim,2020,3,south,28038
4722,sikkim,2020,3,west,17400
4723,sikkim,2020,3,north,11317
4724,sikkim,2020,4,east,85770
4725,sikkim,2020,4,south,31055
4726,sikkim,2020,4,west,19217
4727,sikkim,2020,4,north,12501
4728,sikkim,2021,1,east,92502
4729,sikkim,2021,1,south,33490
4730,sikkim,2021,1,west,20769
4731,sikkim,2021,1,north,13452
4732,sikkim,2021,2,east,99077
4733,sikkim,2021,2,south,35900
4734,sikkim,2021,2,west,22352
4735,sikkim,2021,2,north,14411
4736,sikkim,2021,3,east,106352
4737,sikkim,2021,3,south,38616
4738,sikkim,2021,3,west,24132
4739,sikkim,2021,3,north,15593
4740,sikkim,2021,4,east,113537
4741,sikkim,2021,4,south,41311
4742,sikkim,2021,4,west,25834
4743,sikkim,2021,4,north,16725
4744,sikkim,2022,1,east,120360
4745,sikkim,2022,1,south,43881
4746,sikkim,2022,1,west,27594
4747,sikkim,2022,1,north,17781
4748,sikkim,2022,2,east,126666
4749,sikkim,2022,2,south,46351
4750,sikkim,2022,2,west,29184
4751,sikkim,2022,2,north,18793
4752,sikkim,2022,3,east,133152
4753,sikkim,2022,3,south,48673
4754,sikkim,2022,3,west,30513
4755,sikkim,2022,3,north,19687
4756,sikkim,2022,4,east,139175
4757,sikkim,2022,4,south,50716
4758,sikkim,2022,4,west,31605
4759,sikkim,2022,4,north,20472
4760,tamil-nadu,2018,1,chennai,292004
4761,tamil-nadu,2018,1,thiruvallur,215622
4762,tamil-nadu,2018,1,chengalpattu,215210
4763,tamil-nadu,2018,1,coimbatore,170306
4764,tamil-nadu,2018,1,kancheepuram,136352
4765,tamil-nadu,2018,1,salem,88288
4766,tamil-nadu,2018,1,tiruppur,87652
4767,tamil-nadu,2018,1,madurai,72582
4768,tamil-nadu,2018,1,krishnagiri,66958
4769,tamil-nadu,2018,1,tiruchirappalli,62230
4770,tamil-nadu,2018,2,chennai,401349
4771,tamil-nadu,2018,2,thiruvallur,300210
4772,tamil-nadu,2018,2,chengalpattu,292432
4773,tamil-nadu,2018,2,coimbatore,244374
4774,tamil-nadu,2018,2,kancheepuram,188583
4775,tamil-nadu,2018,2,tiruppur,128535
4776,tamil-nadu,2018,2,salem,126830
4777,tamil-nadu,2018,2,madurai,105957
4778,tamil-nadu,2018,2,krishnagiri,96842
4779,tamil-nadu,2018,2,tiruchirappalli,91156
4780,tamil-nadu,2018,3,chennai,511138
4781,tamil-nadu,2018,3,thiruvallur,381620
4782,tamil-nadu,2018,3,chengalpattu,368413
4783,tamil-nadu,2018,3,coimbatore,318461
4784,tamil-nadu,2018,3,kancheepuram,239985
4785,tamil-nadu,2018,3,tiruppur,172195
4786,tamil-nadu,2018,3,salem,164489
4787,tamil-nadu,2018,3,madurai,138064
4788,tamil-nadu,2018,3,krishnagiri,128769
4789,tamil-nadu,2018,3,tiruchirappalli,119661
4790,tamil-nadu,2018,4,chennai,689276
4791,tamil-nadu,2018,4,thiruvallur,514830
4792,tamil-nadu,2018,4,chengalpattu,483785
4793,tamil-nadu,2018,4,coimbatore,415090
4794,tamil-nadu,2018,4,kancheepuram,318007
4795,tamil-nadu,2018,4,tiruppur,227253
4796,tamil-nadu,2018,4,salem,215365
4797,tamil-nadu,2018,4,madurai,183206
4798,tamil-nadu,2018,4,krishnagiri,172743
4799,tamil-nadu,2018,4,tiruchirappalli,160006
4800,tamil-nadu,2019,1,chennai,830586
4801,tamil-nadu,2019,1,thiruvallur,625908
4802,tamil-nadu,2019,1,chengalpattu,578045
4803,tamil-nadu,2019,1,coimbatore,495350
4804,tamil-nadu,2019,1,kancheepuram,385091
4805,tamil-nadu,2019,1,tiruppur,273869
4806,tamil-nadu,2019,1,salem,257624
4807,tamil-nadu,2019,1,madurai,224783
4808,tamil-nadu,2019,1,krishnagiri,212859
4809,tamil-nadu,2019,1,tiruchirappalli,193798
4810,tamil-nadu,2019,2,chennai,969955
4811,tamil-nadu,2019,2,thiruvallur,733978
4812,tamil-nadu,2019,2,chengalpattu,667137
4813,tamil-nadu,2019,2,coimbatore,584160
4814,tamil-nadu,2019,2,kancheepuram,447527
4815,tamil-nadu,2019,2,tiruppur,324350
4816,tamil-nadu,2019,2,salem,302033
4817,tamil-nadu,2019,2,madurai,268420
4818,tamil-nadu,2019,2,krishnagiri,252986
4819,tamil-nadu,2019,2,tiruchirappalli,229886
4820,tamil-nadu,2019,3,chennai,1090190
4821,tamil-nadu,2019,3,thiruvallur,828137
4822,tamil-nadu,2019,3,chengalpattu,744424
4823,tamil-nadu,2019,3,coimbatore,669547
4824,tamil-nadu,2019,3,kancheepuram,503192
4825,tamil-nadu,2019,3,tiruppur,371296
4826,tamil-nadu,2019,3,salem,342259
4827,tamil-nadu,2019,3,madurai,305793
4828,tamil-nadu,2019,3,krishnagiri,290478
4829,tamil-nadu,2019,3,tiruchirappalli,261919
4830,tamil-nadu,2019,4,chennai,1216610
4831,tamil-nadu,2019,4,thiruvallur,934744
4832,tamil-nadu,2019,4,chengalpattu,829575
4833,tamil-nadu,2019,4,coimbatore,767480
4834,tamil-nadu,2019,4,kancheepuram,564806
4835,tamil-nadu,2019,4,tiruppur,427694
4836,tamil-nadu,2019,4,salem,390301
4837,tamil-nadu,2019,4,madurai,351234
4838,tamil-nadu,2019,4,krishnagiri,335178
4839,tamil-nadu,2019,4,tiruchirappalli,299366
4840,tamil-nadu,2020,1,chennai,1340762
4841,tamil-nadu,2020,1,thiruvallur,1041642
4842,tamil-nadu,2020,1,chengalpattu,912587
4843,tamil-nadu,2020,1,coimbatore,868832
4844,tamil-nadu,2020,1,kancheepuram,626872
4845,tamil-nadu,2020,1,tiruppur,488697
4846,tamil-nadu,2020,1,salem,442045
4847,tamil-nadu,2020,1,madurai,402474
4848,tamil-nadu,2020,1,krishnagiri,379857
4849,tamil-nadu,2020,1,tiruchirappalli,339829
4850,tamil-nadu,2020,2,chennai,1436722
4851,tamil-nadu,2020,2,thiruvallur,1140330
4852,tamil-nadu,2020,2,chengalpattu,979769
4853,tamil-nadu,2020,2,coimbatore,958191
4854,tamil-nadu,2020,2,kancheepuram,678899
4855,tamil-nadu,2020,2,tiruppur,550609
4856,tamil-nadu,2020,2,salem,499360
4857,tamil-nadu,2020,2,madurai,456527
4858,tamil-nadu,2020,2,krishnagiri,424184
4859,tamil-nadu,2020,2,tiruchirappalli,383178
4860,tamil-nadu,2020,3,chennai,1566152
4861,tamil-nadu,2020,3,thiruvallur,1260923
4862,tamil-nadu,2020,3,coimbatore,1073680
4863,tamil-nadu,2020,3,chengalpattu,1064263
4864,tamil-nadu,2020,3,kancheepuram,744437
4865,tamil-nadu,2020,3,tiruppur,625391
4866,tamil-nadu,2020,3,salem,564858
4867,tamil-nadu,2020,3,madurai,516447
4868,tamil-nadu,2020,3,krishnagiri,480568
4869,tamil-nadu,2020,3,tiruchirappalli,433221
4870,tamil-nadu,2020,4,chennai,1731527
4871,tamil-nadu,2020,4,thiruvallur,1408348
4872,tamil-nadu,2020,4,coimbatore,1205249
4873,tamil-nadu,2020,4,chengalpattu,1170720
4874,tamil-nadu,2020,4,kancheepuram,829207
4875,tamil-nadu,2020,4,tiruppur,710489
4876,tamil-nadu,2020,4,salem,638883
4877,tamil-nadu,2020,4,madurai,582252
4878,tamil-nadu,2020,4,krishnagiri,545815
4879,tamil-nadu,2020,4,tiruchirappalli,487716
4880,tamil-nadu,2021,1,chennai,1865001
4881,tamil-nadu,2021,1,thiruvallur,1522407
4882,tamil-nadu,2021,1,coimbatore,1304141
4883,tamil-nadu,2021,1,chengalpattu,1259678
4884,tamil-nadu,2021,1,kancheepuram,895950
4885,tamil-nadu,2021,1,tiruppur,772074
4886,tamil-nadu,2021,1,salem,693137
4887,tamil-nadu,2021,1,madurai,630685
4888,tamil-nadu,2021,1,krishnagiri,592655
4889,tamil-nadu,2021,1,tiruchirappalli,527667
4890,tamil-nadu,2021,2,chennai,1988355
4891,tamil-nadu,2021,2,thiruvallur,1626966
4892,tamil-nadu,2021,2,coimbatore,1393621
4893,tamil-nadu,2021,2,chengalpattu,1344163
4894,tamil-nadu,2021,2,kancheepuram,957182
4895,tamil-nadu,2021,2,tiruppur,828168
4896,tamil-nadu,2021,2,salem,742566
4897,tamil-nadu,2021,2,madurai,675035
4898,tamil-nadu,2021,2,krishnagiri,635191
4899,tamil-nadu,2021,2,tiruchirappalli,565156
4900,tamil-nadu,2021,3,chennai,2124347
4901,tamil-nadu,2021,3,thiruvallur,1744228
4902,tamil-nadu,2021,3,coimbatore,1494350
4903,tamil-nadu,2021,3,chengalpattu,1438295
4904,tamil-nadu,2021,3,kancheepuram,1025651
4905,tamil-nadu,2021,3,tiruppur,891753
4906,tamil-nadu,2021,3,salem,798213
4907,tamil-nadu,2021,3,madurai,725021
4908,tamil-nadu,2021,3,krishnagiri,683549
4909,tamil-nadu,2021,3,tiruchirappalli,607438
4910,tamil-nadu,2021,4,chennai,2261346
4911,tamil-nadu,2021,4,thiruvallur,1860992
4912,tamil-nadu,2021,4,coimbatore,1594082
4913,tamil-nadu,2021,4,chengalpattu,1532535
4914,tamil-nadu,2021,4,kancheepuram,1094222
4915,tamil-nadu,2021,4,tiruppur,954674
4916,tamil-nadu,2021,4,salem,853064
4917,tamil-nadu,2021,4,madurai,774490
4918,tamil-nadu,2021,4,krishnagiri,731018
4919,tamil-nadu,2021,4,tiruchirappalli,649095
4920,tamil-nadu,2022,1,chennai,2388315
4921,tamil-nadu,2022,1,thiruvallur,1970646
4922,tamil-nadu,2022,1,coimbatore,1687096
4923,tamil-nadu,2022,1,chengalpattu,1621177
4924,tamil-nadu,2022,1,kancheepuram,1158719
4925,tamil-nadu,2022,1,tiruppur,1014036
4926,tamil-nadu,2022,1,salem,905104
4927,tamil-nadu,2022,1,madurai,820952
4928,tamil-nadu,2022,1,krishnagiri,776101
4929,tamil-nadu,2022,1,tiruchirappalli,688562
4930,tamil-nadu,2022,2,chennai,2509588
4931,tamil-nadu,2022,2,thiruvallur,2075274
4932,tamil-nadu,2022,2,coimbatore,1775760
4933,tamil-nadu,2022,2,chengalpattu,1704864
4934,tamil-nadu,2022,2,kancheepuram,1220237
4935,tamil-nadu,2022,2,tiruppur,1070480
4936,tamil-nadu,2022,2,salem,954155
4937,tamil-nadu,2022,2,madurai,864806
4938,tamil-nadu,2022,2,krishnagiri,818552
4939,tamil-nadu,2022,2,tiruchirappalli,725751
4940,tamil-nadu,2022,3,chennai,2635738
4941,tamil-nadu,2022,3,thiruvallur,2183990
4942,tamil-nadu,2022,3,coimbatore,1867655
4943,tamil-nadu,2022,3,chengalpattu,1791530
4944,tamil-nadu,2022,3,kancheepuram,1284243
4945,tamil-nadu,2022,3,tiruppur,1128474
4946,tamil-nadu,2022,3,salem,1005031
4947,tamil-nadu,2022,3,madurai,910111
4948,tamil-nadu,2022,3,krishnagiri,862231
4949,tamil-nadu,2022,3,tiruchirappalli,763327
4950,tamil-nadu,2022,4,chennai,2763151
4951,tamil-nadu,2022,4,thiruvallur,2290089
4952,tamil-nadu,2022,4,coimbatore,1955681
4953,tamil-nadu,2022,4,chengalpattu,1876163
4954,tamil-nadu,2022,4,kancheepuram,1346845
4955,tamil-nadu,2022,4,tiruppur,1183174
4956,tamil-nadu,2022,4,salem,1052099
4957,tamil-nadu,2022,4,madurai,953739
4958,tamil-nadu,2022,4,krishnagiri,902906
4959,tamil-nadu,2022,4,tiruchirappalli,798742
4960,telangana,2018,1,hyderabad,655175
4961,telangana,2018,1,rangareddy,635175
4962,telangana,2018,1,medchal malkajgiri,549429
4963,telangana,2018,1,sangareddy,142807
4964,telangana,2018,1,warangal urban,133840
4965,telangana,2018,1,karimnagar,100028
4966,telangana,2018,1,khammam,84941
4967,telangana,2018,1,nalgonda,84459
4968,telangana,2018,1,nizamabad,77516
4969,telangana,2018,1,peddapalle,67418
4970,telangana,2018,2,hyderabad,842483
4971,telangana,2018,2,rangareddy,804959
4972,telangana,2018,2,medchal malkajgiri,696211
4973,telangana,2018,2,sangareddy,182673
4974,telangana,2018,2,warangal urban,171260
4975,telangana,2018,2,karimnagar,126122
4976,telangana,2018,2,khammam,111361
4977,telangana,2018,2,nalgonda,110668
4978,telangana,2018,2,nizamabad,100652
4979,telangana,2018,2,peddapalle,86033
4980,telangana,2018,3,hyderabad,1024241
4981,telangana,2018,3,rangareddy,963186
4982,telangana,2018,3,medchal malkajgiri,828425
4983,telangana,2018,3,sangareddy,220802
4984,telangana,2018,3,warangal urban,199919
4985,telangana,2018,3,karimnagar,148562
4986,telangana,2018,3,khammam,135353
4987,telangana,2018,3,nalgonda,134723
4988,telangana,2018,3,nizamabad,120650
4989,telangana,2018,3,peddapalle,102365
4990,telangana,2018,4,hyderabad,1336872
4991,telangana,2018,4,rangareddy,1217664
4992,telangana,2018,4,medchal malkajgiri,1056739
4993,telangana,2018,4,sangareddy,281038
4994,telangana,2018,4,warangal urban,249500
4995,telangana,2018,4,karimnagar,182600
4996,telangana,2018,4,nalgonda,171002
4997,telangana,2018,4,khammam,168485
4998,telangana,2018,4,nizamabad,150190
4999,telangana,2018,4,peddapalle,124191
5000,telangana,2019,1,hyderabad,1638436
5001,telangana,2019,1,rangareddy,1470874
5002,telangana,2019,1,medchal malkajgiri,1279531
5003,telangana,2019,1,sangareddy,346529
5004,telangana,2019,1,warangal urban,301881
5005,telangana,2019,1,karimnagar,218609
5006,telangana,2019,1,nalgonda,211184
5007,telangana,2019,1,khammam,206049
5008,telangana,2019,1,nizamabad,186351
5009,telangana,2019,1,siddipet,152281
5010,telangana,2019,2,hyderabad,1856926
5011,telangana,2019,2,rangareddy,1651300
5012,telangana,2019,2,medchal malkajgiri,1428880
5013,telangana,2019,2,sangareddy,395371
5014,telangana,2019,2,warangal urban,342602
5015,telangana,2019,2,karimnagar,246886
5016,telangana,2019,2,nalgonda,243227
5017,telangana,2019,2,khammam,239435
5018,telangana,2019,2,nizamabad,217841
5019,telangana,2019,2,siddipet,175413
5020,telangana,2019,3,hyderabad,2071673
5021,telangana,2019,3,rangareddy,1826019
5022,telangana,2019,3,medchal malkajgiri,1572320
5023,telangana,2019,3,sangareddy,441944
5024,telangana,2019,3,warangal urban,381730
5025,telangana,2019,3,karimnagar,274735
5026,telangana,2019,3,nalgonda,274568
5027,telangana,2019,3,khammam,270101
5028,telangana,2019,3,nizamabad,248977
5029,telangana,2019,3,siddipet,196397
5030,telangana,2019,4,hyderabad,2283903
5031,telangana,2019,4,rangareddy,2001437
5032,telangana,2019,4,medchal malkajgiri,1714832
5033,telangana,2019,4,sangareddy,493353
5034,telangana,2019,4,warangal urban,421970
5035,telangana,2019,4,nalgonda,312849
5036,telangana,2019,4,karimnagar,305507
5037,telangana,2019,4,khammam,304804
5038,telangana,2019,4,nizamabad,284623
5039,telangana,2019,4,siddipet,221164
5040,telangana,2020,1,hyderabad,2483843
5041,telangana,2020,1,rangareddy,2166829
5042,telangana,2020,1,medchal malkajgiri,1845599
5043,telangana,2020,1,sangareddy,542540
5044,telangana,2020,1,warangal urban,457591
5045,telangana,2020,1,nalgonda,351793
5046,telangana,2020,1,khammam,340747
5047,telangana,2020,1,karimnagar,334300
5048,telangana,2020,1,nizamabad,320572
5049,telangana,2020,1,siddipet,245168
5050,telangana,2020,2,hyderabad,2653534
5051,telangana,2020,2,rangareddy,2313748
5052,telangana,2020,2,medchal malkajgiri,1963353
5053,telangana,2020,2,sangareddy,593360
5054,telangana,2020,2,warangal urban,495066
5055,telangana,2020,2,nalgonda,393199
5056,telangana,2020,2,khammam,380382
5057,telangana,2020,2,karimnagar,362986
5058,telangana,2020,2,nizamabad,362663
5059,telangana,2020,2,siddipet,269076
5060,telangana,2020,3,hyderabad,2875965
5061,telangana,2020,3,rangareddy,2495699
5062,telangana,2020,3,medchal malkajgiri,2111567
5063,telangana,2020,3,sangareddy,649580
5064,telangana,2020,3,warangal urban,535485
5065,telangana,2020,3,nalgonda,435022
5066,telangana,2020,3,khammam,421101
5067,telangana,2020,3,nizamabad,405678
5068,telangana,2020,3,karimnagar,394328
5069,telangana,2020,3,bhadradri kothagudem,297785
5070,telangana,2020,4,hyderabad,3142385
5071,telangana,2020,4,rangareddy,2704868
5072,telangana,2020,4,medchal malkajgiri,2282695
5073,telangana,2020,4,sangareddy,711551
5074,telangana,2020,4,warangal urban,579306
5075,telangana,2020,4,nalgonda,478409
5076,telangana,2020,4,khammam,461801
5077,telangana,2020,4,nizamabad,449731
5078,telangana,2020,4,karimnagar,428019
5079,telangana,2020,4,bhadradri kothagudem,328326
5080,telangana,2021,1,hyderabad,3379663
5081,telangana,2021,1,rangareddy,2906635
5082,telangana,2021,1,medchal malkajgiri,2450573
5083,telangana,2021,1,sangareddy,767476
5084,telangana,2021,1,warangal urban,620947
5085,telangana,2021,1,nalgonda,517727
5086,telangana,2021,1,khammam,497818
5087,telangana,2021,1,nizamabad,485751
5088,telangana,2021,1,karimnagar,459407
5089,telangana,2021,1,bhadradri kothagudem,354847
5090,telangana,2021,2,hyderabad,3598337
5091,telangana,2021,2,rangareddy,3097973
5092,telangana,2021,2,medchal malkajgiri,2611159
5093,telangana,2021,2,sangareddy,820387
5094,telangana,2021,2,warangal urban,661592
5095,telangana,2021,2,nalgonda,555043
5096,telangana,2021,2,khammam,532589
5097,telangana,2021,2,nizamabad,518801
5098,telangana,2021,2,karimnagar,490218
5099,telangana,2021,2,bhadradri kothagudem,380059
5100,telangana,2021,3,hyderabad,3839513
5101,telangana,2021,3,rangareddy,3310906
5102,telangana,2021,3,medchal malkajgiri,2790387
5103,telangana,2021,3,sangareddy,880907
5104,telangana,2021,3,warangal urban,707591
5105,telangana,2021,3,nalgonda,598288
5106,telangana,2021,3,khammam,572647
5107,telangana,2021,3,nizamabad,556044
5108,telangana,2021,3,karimnagar,524929
5109,telangana,2021,3,bhadradri kothagudem,409224
5110,telangana,2021,4,hyderabad,4081185
5111,telangana,2021,4,rangareddy,3523496
5112,telangana,2021,4,medchal malkajgiri,2969740
5113,telangana,2021,4,sangareddy,940845
5114,telangana,2021,4,warangal urban,753613
5115,telangana,2021,4,nalgonda,641044
5116,telangana,2021,4,khammam,612314
5117,telangana,2021,4,nizamabad,593223
5118,telangana,2021,4,karimnagar,559456
5119,telangana,2021,4,bhadradri kothagudem,438017
5120,telangana,2022,1,hyderabad,4306136
5121,telangana,2022,1,rangareddy,3722676
5122,telangana,2022,1,medchal malkajgiri,3138387
5123,telangana,2022,1,sangareddy,997988
5124,telangana,2022,1,warangal urban,797162
5125,telangana,2022,1,nalgonda,681754
5126,telangana,2022,1,khammam,650223
5127,telangana,2022,1,nizamabad,628661
5128,telangana,2022,1,karimnagar,592752
5129,telangana,2022,1,bhadradri kothagudem,465349
5130,telangana,2022,2,hyderabad,4519625
5131,telangana,2022,2,rangareddy,3911372
5132,telangana,2022,2,medchal malkajgiri,3297882
5133,telangana,2022,2,sangareddy,1051378
5134,telangana,2022,2,warangal urban,838533
5135,telangana,2022,2,nalgonda,719911
5136,telangana,2022,2,khammam,685755
5137,telangana,2022,2,nizamabad,662427
5138,telangana,2022,2,karimnagar,624054
5139,telangana,2022,2,bhadradri kothagudem,491003
5140,telangana,2022,3,hyderabad,4739891
5141,telangana,2022,3,rangareddy,4105107
5142,telangana,2022,3,medchal malkajgiri,3463208
5143,telangana,2022,3,sangareddy,1106571
5144,telangana,2022,3,warangal urban,881363
5145,telangana,2022,3,nalgonda,758377
5146,telangana,2022,3,khammam,721877
5147,telangana,2022,3,nizamabad,697031
5148,telangana,2022,3,karimnagar,656534
5149,telangana,2022,3,bhadradri kothagudem,517431
5150,telangana,2022,4,hyderabad,4962214
5151,telangana,2022,4,rangareddy,4296707
5152,telangana,2022,4,medchal malkajgiri,3628619
5153,telangana,2022,4,sangareddy,1159594
5154,telangana,2022,4,warangal urban,923715
5155,telangana,2022,4,nalgonda,793688
5156,telangana,2022,4,khammam,755705
5157,telangana,2022,4,nizamabad,729287
5158,telangana,2022,4,karimnagar,687385
5159,telangana,2022,4,bhadradri kothagudem,542203
5160,tripura,2018,1,west tripura,27242
5161,tripura,2018,1,south tripura,5361
5162,tripura,2018,1,sepahijala,4664
5163,tripura,2018,1,gomati,4509
5164,tripura,2018,1,north tripura,4432
5165,tripura,2018,1,dhalai,3448
5166,tripura,2018,1,khowai,3017
5167,tripura,2018,1,unakoti,2484
5168,tripura,2018,2,west tripura,40345
5169,tripura,2018,2,south tripura,8068
5170,tripura,2018,2,sepahijala,7217
5171,tripura,2018,2,gomati,6973
5172,tripura,2018,2,north tripura,6702
5173,tripura,2018,2,dhalai,5549
5174,tripura,2018,2,khowai,4674
5175,tripura,2018,2,unakoti,3841
5176,tripura,2018,3,west tripura,53531
5177,tripura,2018,3,south tripura,12286
5178,tripura,2018,3,sepahijala,10803
5179,tripura,2018,3,gomati,10168
5180,tripura,2018,3,north tripura,9771
5181,tripura,2018,3,dhalai,8039
5182,tripura,2018,3,khowai,6816
5183,tripura,2018,3,unakoti,5460
5184,tripura,2018,4,west tripura,67549
5185,tripura,2018,4,south tripura,16426
5186,tripura,2018,4,sepahijala,14973
5187,tripura,2018,4,gomati,13542
5188,tripura,2018,4,north tripura,13150
5189,tripura,2018,4,dhalai,10877
5190,tripura,2018,4,khowai,9488
5191,tripura,2018,4,unakoti,7260
5192,tripura,2019,1,west tripura,79732
5193,tripura,2019,1,south tripura,19784
5194,tripura,2019,1,sepahijala,18086
5195,tripura,2019,1,gomati,16370
5196,tripura,2019,1,north tripura,15986
5197,tripura,2019,1,dhalai,13219
5198,tripura,2019,1,khowai,11327
5199,tripura,2019,1,unakoti,8750
5200,tripura,2019,2,west tripura,93241
5201,tripura,2019,2,south tripura,23743
5202,tripura,2019,2,sepahijala,21673
5203,tripura,2019,2,north tripura,19505
5204,tripura,2019,2,gomati,19437
5205,tripura,2019,2,dhalai,15893
5206,tripura,2019,2,khowai,13523
5207,tripura,2019,2,unakoti,10629
5208,tripura,2019,3,west tripura,104949
5209,tripura,2019,3,south tripura,26573
5210,tripura,2019,3,sepahijala,24332
5211,tripura,2019,3,north tripura,22522
5212,tripura,2019,3,gomati,21722
5213,tripura,2019,3,dhalai,18140
5214,tripura,2019,3,khowai,15092
5215,tripura,2019,3,unakoti,12126
5216,tripura,2019,4,west tripura,114108
5217,tripura,2019,4,south tripura,29753
5218,tripura,2019,4,sepahijala,27322
5219,tripura,2019,4,north tripura,25703
5220,tripura,2019,4,gomati,24160
5221,tripura,2019,4,dhalai,20609
5222,tripura,2019,4,khowai,16819
5223,tripura,2019,4,unakoti,13824
5224,tripura,2020,1,west tripura,124538
5225,tripura,2020,1,south tripura,32716
5226,tripura,2020,1,sepahijala,30379
5227,tripura,2020,1,north tripura,28648
5228,tripura,2020,1,gomati,26688
5229,tripura,2020,1,dhalai,22808
5230,tripura,2020,1,khowai,18592
5231,tripura,2020,1,unakoti,15593
5232,tripura,2020,2,west tripura,137156
5233,tripura,2020,2,south tripura,36522
5234,tripura,2020,2,sepahijala,35017
5235,tripura,2020,2,north tripura,32851
5236,tripura,2020,2,gomati,30323
5237,tripura,2020,2,dhalai,26043
5238,tripura,2020,2,khowai,20922
5239,tripura,2020,2,unakoti,17832
5240,tripura,2020,3,west tripura,151432
5241,tripura,2020,3,south tripura,40797
5242,tripura,2020,3,sepahijala,39970
5243,tripura,2020,3,north tripura,37284
5244,tripura,2020,3,gomati,34073
5245,tripura,2020,3,dhalai,29515
5246,tripura,2020,3,khowai,23565
5247,tripura,2020,3,unakoti,20095
5248,tripura,2020,4,west tripura,163752
5249,tripura,2020,4,south tripura,43899
5250,tripura,2020,4,sepahijala,43722
5251,tripura,2020,4,north tripura,40886
5252,tripura,2020,4,gomati,37129
5253,tripura,2020,4,dhalai,32210
5254,tripura,2020,4,khowai,25507
5255,tripura,2020,4,unakoti,22005
5256,tripura,2021,1,west tripura,175841
5257,tripura,2021,1,south tripura,47052
5258,tripura,2021,1,sepahijala,46925
5259,tripura,2021,1,north tripura,44051
5260,tripura,2021,1,gomati,39920
5261,tripura,2021,1,dhalai,34747
5262,tripura,2021,1,khowai,27361
5263,tripura,2021,1,unakoti,23739
5264,tripura,2021,2,west tripura,188123
5265,tripura,2021,2,sepahijala,50606
5266,tripura,2021,2,south tripura,50556
5267,tripura,2021,2,north tripura,47392
5268,tripura,2021,2,gomati,42972
5269,tripura,2021,2,dhalai,37460
5270,tripura,2021,2,khowai,29432
5271,tripura,2021,2,unakoti,25612
5272,tripura,2021,3,west tripura,202122
5273,tripura,2021,3,sepahijala,54797
5274,tripura,2021,3,south tripura,54747
5275,tripura,2021,3,north tripura,51321
5276,tripura,2021,3,gomati,46535
5277,tripura,2021,3,dhalai,40679
5278,tripura,2021,3,khowai,31900
5279,tripura,2021,3,unakoti,27828
5280,tripura,2021,4,west tripura,215860
5281,tripura,2021,4,sepahijala,58818
5282,tripura,2021,4,south tripura,58777
5283,tripura,2021,4,north tripura,55009
5284,tripura,2021,4,gomati,49981
5285,tripura,2021,4,dhalai,43705
5286,tripura,2021,4,khowai,34253
5287,tripura,2021,4,unakoti,29889
5288,tripura,2022,1,west tripura,229161
5289,tripura,2022,1,sepahijala,62906
5290,tripura,2022,1,south tripura,62764
5291,tripura,2022,1,north tripura,58694
5292,tripura,2022,1,gomati,53356
5293,tripura,2022,1,dhalai,46680
5294,tripura,2022,1,khowai,36592
5295,tripura,2022,1,unakoti,31971
5296,tripura,2022,2,west tripura,242041
5297,tripura,2022,2,sepahijala,66602
5298,tripura,2022,2,south tripura,66478
5299,tripura,2022,2,north tripura,62140
5300,tripura,2022,2,gomati,56510
5301,tripura,2022,2,dhalai,49424
5302,tripura,2022,2,khowai,38683
5303,tripura,2022,2,unakoti,33904
5304,tripura,2022,3,west tripura,255161
5305,tripura,2022,3,sepahijala,70255
5306,tripura,2022,3,south tripura,70107
5307,tripura,2022,3,north tripura,65452
5308,tripura,2022,3,gomati,59506
5309,tripura,2022,3,dhalai,52074
5310,tripura,2022,3,khowai,40758
5311,tripura,2022,3,unakoti,35830
5312,tripura,2022,4,west tripura,267713
5313,tripura,2022,4,sepahijala,73240
5314,tripura,2022,4,south tripura,73117
5315,tripura,2022,4,north tripura,68352
5316,tripura,2022,4,gomati,62115
5317,tripura,2022,4,dhalai,54280
5318,tripura,2022,4,khowai,42490
5319,tripura,2022,4,unakoti,37434
5320,uttar-pradesh,2018,1,gautam buddha nagar,448768
5321,uttar-pradesh,2018,1,lucknow,380070
5322,uttar-pradesh,2018,1,ghaziabad,329683
5323,uttar-pradesh,2018,1,prayagraj,220198
5324,uttar-pradesh,2018,1,kanpur nagar,208389
5325,uttar-pradesh,2018,1,varanasi,206788
5326,uttar-pradesh,2018,1,agra,148387
5327,uttar-pradesh,2018,1,gorakhpur,132769
5328,uttar-pradesh,2018,1,meerut,123619
5329,uttar-pradesh,2018,1,bareilly,112369
5330,uttar-pradesh,2018,2,gautam buddha nagar,586350
5331,uttar-pradesh,2018,2,lucknow,506261
5332,uttar-pradesh,2018,2,ghaziabad,434115
5333,uttar-pradesh,2018,2,prayagraj,297113
5334,uttar-pradesh,2018,2,varanasi,288325
5335,uttar-pradesh,2018,2,kanpur nagar,285101
5336,uttar-pradesh,2018,2,agra,205298
5337,uttar-pradesh,2018,2,gorakhpur,181126
5338,uttar-pradesh,2018,2,meerut,167212
5339,uttar-pradesh,2018,2,bareilly,152939
5340,uttar-pradesh,2018,3,gautam buddha nagar,727480
5341,uttar-pradesh,2018,3,lucknow,620328
5342,uttar-pradesh,2018,3,ghaziabad,538532
5343,uttar-pradesh,2018,3,prayagraj,363743
5344,uttar-pradesh,2018,3,varanasi,352604
5345,uttar-pradesh,2018,3,kanpur nagar,349250
5346,uttar-pradesh,2018,3,agra,257453
5347,uttar-pradesh,2018,3,gorakhpur,224409
5348,uttar-pradesh,2018,3,meerut,205977
5349,uttar-pradesh,2018,3,bareilly,187467
5350,uttar-pradesh,2018,4,gautam buddha nagar,951342
5351,uttar-pradesh,2018,4,lucknow,765152
5352,uttar-pradesh,2018,4,ghaziabad,713372
5353,uttar-pradesh,2018,4,prayagraj,451019
5354,uttar-pradesh,2018,4,varanasi,447144
5355,uttar-pradesh,2018,4,kanpur nagar,434315
5356,uttar-pradesh,2018,4,agra,322749
5357,uttar-pradesh,2018,4,gorakhpur,279761
5358,uttar-pradesh,2018,4,meerut,258843
5359,uttar-pradesh,2018,4,bareilly,233073
5360,uttar-pradesh,2019,1,gautam buddha nagar,1143614
5361,uttar-pradesh,2019,1,lucknow,896208
5362,uttar-pradesh,2019,1,ghaziabad,859583
5363,uttar-pradesh,2019,1,prayagraj,532230
5364,uttar-pradesh,2019,1,varanasi,524667
5365,uttar-pradesh,2019,1,kanpur nagar,511583
5366,uttar-pradesh,2019,1,agra,392222
5367,uttar-pradesh,2019,1,gorakhpur,336196
5368,uttar-pradesh,2019,1,meerut,311930
5369,uttar-pradesh,2019,1,bareilly,279714
5370,uttar-pradesh,2019,2,gautam buddha nagar,1282816
5371,uttar-pradesh,2019,2,lucknow,1011470
5372,uttar-pradesh,2019,2,ghaziabad,975605
5373,uttar-pradesh,2019,2,prayagraj,602739
5374,uttar-pradesh,2019,2,kanpur nagar,585796
5375,uttar-pradesh,2019,2,varanasi,583444
5376,uttar-pradesh,2019,2,agra,461224
5377,uttar-pradesh,2019,2,gorakhpur,387961
5378,uttar-pradesh,2019,2,meerut,361091
5379,uttar-pradesh,2019,2,bareilly,318597
5380,uttar-pradesh,2019,3,gautam buddha nagar,1415905
5381,uttar-pradesh,2019,3,lucknow,1124832
5382,uttar-pradesh,2019,3,ghaziabad,1088568
5383,uttar-pradesh,2019,3,prayagraj,667277
5384,uttar-pradesh,2019,3,kanpur nagar,655175
5385,uttar-pradesh,2019,3,varanasi,639586
5386,uttar-pradesh,2019,3,agra,530228
5387,uttar-pradesh,2019,3,gorakhpur,434172
5388,uttar-pradesh,2019,3,meerut,408972
5389,uttar-pradesh,2019,3,bareilly,356146
5390,uttar-pradesh,2019,4,gautam buddha nagar,1537791
5391,uttar-pradesh,2019,4,lucknow,1221681
5392,uttar-pradesh,2019,4,ghaziabad,1189357
5393,uttar-pradesh,2019,4,prayagraj,738307
5394,uttar-pradesh,2019,4,kanpur nagar,718251
5395,uttar-pradesh,2019,4,varanasi,706509
5396,uttar-pradesh,2019,4,agra,593453
5397,uttar-pradesh,2019,4,gorakhpur,483523
5398,uttar-pradesh,2019,4,meerut,455353
5399,uttar-pradesh,2019,4,bareilly,398897
5400,uttar-pradesh,2020,1,gautam buddha nagar,1656331
5401,uttar-pradesh,2020,1,lucknow,1329098
5402,uttar-pradesh,2020,1,ghaziabad,1296464
5403,uttar-pradesh,2020,1,prayagraj,816436
5404,uttar-pradesh,2020,1,kanpur nagar,788847
5405,uttar-pradesh,2020,1,varanasi,777234
5406,uttar-pradesh,2020,1,agra,668251
5407,uttar-pradesh,2020,1,gorakhpur,539316
5408,uttar-pradesh,2020,1,meerut,509693
5409,uttar-pradesh,2020,1,bareilly,452872
5410,uttar-pradesh,2020,2,gautam buddha nagar,1756163
5411,uttar-pradesh,2020,2,lucknow,1434386
5412,uttar-pradesh,2020,2,ghaziabad,1399514
5413,uttar-pradesh,2020,2,prayagraj,892787
5414,uttar-pradesh,2020,2,kanpur nagar,864991
5415,uttar-pradesh,2020,2,varanasi,851213
5416,uttar-pradesh,2020,2,agra,746336
5417,uttar-pradesh,2020,2,gorakhpur,600961
5418,uttar-pradesh,2020,2,meerut,566838
5419,uttar-pradesh,2020,2,bareilly,507342
5420,uttar-pradesh,2020,3,gautam buddha nagar,1885370
5421,uttar-pradesh,2020,3,lucknow,1551932
5422,uttar-pradesh,2020,3,ghaziabad,1518450
5423,uttar-pradesh,2020,3,prayagraj,974228
5424,uttar-pradesh,2020,3,kanpur nagar,941379
5425,uttar-pradesh,2020,3,varanasi,927313
5426,uttar-pradesh,2020,3,agra,822893
5427,uttar-pradesh,2020,3,gorakhpur,661272
5428,uttar-pradesh,2020,3,meerut,624570
5429,uttar-pradesh,2020,3,bareilly,558821
5430,uttar-pradesh,2020,4,gautam buddha nagar,2030178
5431,uttar-pradesh,2020,4,lucknow,1684510
5432,uttar-pradesh,2020,4,ghaziabad,1647330
5433,uttar-pradesh,2020,4,prayagraj,1059982
5434,uttar-pradesh,2020,4,kanpur nagar,1022768
5435,uttar-pradesh,2020,4,varanasi,1003989
5436,uttar-pradesh,2020,4,agra,900497
5437,uttar-pradesh,2020,4,gorakhpur,722618
5438,uttar-pradesh,2020,4,meerut,686266
5439,uttar-pradesh,2020,4,bareilly,611236
5440,uttar-pradesh,2021,1,gautam buddha nagar,2181874
5441,uttar-pradesh,2021,1,lucknow,1813076
5442,uttar-pradesh,2021,1,ghaziabad,1773332
5443,uttar-pradesh,2021,1,prayagraj,1143612
5444,uttar-pradesh,2021,1,kanpur nagar,1100587
5445,uttar-pradesh,2021,1,varanasi,1079309
5446,uttar-pradesh,2021,1,agra,974389
5447,uttar-pradesh,2021,1,gorakhpur,780306
5448,uttar-pradesh,2021,1,meerut,741901
5449,uttar-pradesh,2021,1,bareilly,662143
5450,uttar-pradesh,2021,2,gautam buddha nagar,2329954
5451,uttar-pradesh,2021,2,lucknow,1937173
5452,uttar-pradesh,2021,2,ghaziabad,1895314
5453,uttar-pradesh,2021,2,prayagraj,1225800
5454,uttar-pradesh,2021,2,kanpur nagar,1176708
5455,uttar-pradesh,2021,2,varanasi,1154661
5456,uttar-pradesh,2021,2,agra,1044788
5457,uttar-pradesh,2021,2,gorakhpur,835887
5458,uttar-pradesh,2021,2,meerut,794314
5459,uttar-pradesh,2021,2,bareilly,710778
5460,uttar-pradesh,2021,3,gautam buddha nagar,2496114
5461,uttar-pradesh,2021,3,lucknow,2076033
5462,uttar-pradesh,2021,3,ghaziabad,2031752
5463,uttar-pradesh,2021,3,prayagraj,1320432
5464,uttar-pradesh,2021,3,kanpur nagar,1263050
5465,uttar-pradesh,2021,3,varanasi,1239725
5466,uttar-pradesh,2021,3,agra,1124720
5467,uttar-pradesh,2021,3,gorakhpur,900171
5468,uttar-pradesh,2021,3,meerut,853246
5469,uttar-pradesh,2021,3,bareilly,766809
5470,uttar-pradesh,2021,4,gautam buddha nagar,2664034
5471,uttar-pradesh,2021,4,lucknow,2215886
5472,uttar-pradesh,2021,4,ghaziabad,2169109
5473,uttar-pradesh,2021,4,prayagraj,1414447
5474,uttar-pradesh,2021,4,kanpur nagar,1349794
5475,uttar-pradesh,2021,4,varanasi,1325315
5476,uttar-pradesh,2021,4,agra,1204274
5477,uttar-pradesh,2021,4,gorakhpur,964667
5478,uttar-pradesh,2021,4,meerut,911852
5479,uttar-pradesh,2021,4,bareilly,821986
5480,uttar-pradesh,2022,1,gautam buddha nagar,2822463
5481,uttar-pradesh,2022,1,lucknow,2348173
5482,uttar-pradesh,2022,1,ghaziabad,2298103
5483,uttar-pradesh,2022,1,prayagraj,1504572
5484,uttar-pradesh,2022,1,kanpur nagar,1431918
5485,uttar-pradesh,2022,1,varanasi,1406056
5486,uttar-pradesh,2022,1,agra,1279852
5487,uttar-pradesh,2022,1,gorakhpur,1027283
5488,uttar-pradesh,2022,1,meerut,967325
5489,uttar-pradesh,2022,1,bareilly,875033
5490,uttar-pradesh,2022,2,gautam buddha nagar,2973360
5491,uttar-pradesh,2022,2,lucknow,2474317
5492,uttar-pradesh,2022,2,ghaziabad,2421605
5493,uttar-pradesh,2022,2,prayagraj,1590032
5494,uttar-pradesh,2022,2,kanpur nagar,1510491
5495,uttar-pradesh,2022,2,varanasi,1483315
5496,uttar-pradesh,2022,2,agra,1351856
5497,uttar-pradesh,2022,2,gorakhpur,1086399
5498,uttar-pradesh,2022,2,meerut,1020429
5499,uttar-pradesh,2022,2,bareilly,925536
5500,uttar-pradesh,2022,3,gautam buddha nagar,3130224
5501,uttar-pradesh,2022,3,lucknow,2604663
5502,uttar-pradesh,2022,3,ghaziabad,2549377
5503,uttar-pradesh,2022,3,prayagraj,1678668
5504,uttar-pradesh,2022,3,kanpur nagar,1592126
5505,uttar-pradesh,2022,3,varanasi,1563730
5506,uttar-pradesh,2022,3,agra,1426154
5507,uttar-pradesh,2022,3,gorakhpur,1148103
5508,uttar-pradesh,2022,3,meerut,1075255
5509,uttar-pradesh,2022,3,bareilly,977218
5510,uttar-pradesh,2022,4,gautam buddha nagar,3286371
5511,uttar-pradesh,2022,4,lucknow,2734333
5512,uttar-pradesh,2022,4,ghaziabad,2676888
5513,uttar-pradesh,2022,4,prayagraj,1763014
5514,uttar-pradesh,2022,4,kanpur nagar,1673173
5515,uttar-pradesh,2022,4,varanasi,1641943
5516,uttar-pradesh,2022,4,agra,1497144
5517,uttar-pradesh,2022,4,gorakhpur,1205580
5518,uttar-pradesh,2022,4,meerut,1127324
5519,uttar-pradesh,2022,4,bareilly,1025341
5520,uttarakhand,2018,1,dehradun,147998
5521,uttarakhand,2018,1,haridwar,104823
5522,uttarakhand,2018,1,udham singh nagar,100236
5523,uttarakhand,2018,1,nainital,49083
5524,uttarakhand,2018,1,pauri garhwal,20425
5525,uttarakhand,2018,1,tehri garhwal,13030
5526,uttarakhand,2018,1,almora,11367
5527,uttarakhand,2018,1,pithoragarh,8836
5528,uttarakhand,2018,1,chamoli,7493
5529,uttarakhand,2018,1,uttarkashi,5816
5530,uttarakhand,2018,2,dehradun,198296
5531,uttarakhand,2018,2,haridwar,140718
5532,uttarakhand,2018,2,udham singh nagar,132549
5533,uttarakhand,2018,2,nainital,65142
5534,uttarakhand,2018,2,pauri garhwal,28153
5535,uttarakhand,2018,2,tehri garhwal,18021
5536,uttarakhand,2018,2,almora,15473
5537,uttarakhand,2018,2,pithoragarh,12486
5538,uttarakhand,2018,2,chamoli,10502
5539,uttarakhand,2018,2,uttarkashi,8227
5540,uttarakhand,2018,3,dehradun,246477
5541,uttarakhand,2018,3,haridwar,174526
5542,uttarakhand,2018,3,udham singh nagar,162754
5543,uttarakhand,2018,3,nainital,79936
5544,uttarakhand,2018,3,pauri garhwal,36059
5545,uttarakhand,2018,3,tehri garhwal,23575
5546,uttarakhand,2018,3,almora,20152
5547,uttarakhand,2018,3,pithoragarh,16483
5548,uttarakhand,2018,3,chamoli,14112
5549,uttarakhand,2018,3,uttarkashi,10793
5550,uttarakhand,2018,4,dehradun,306969
5551,uttarakhand,2018,4,haridwar,217634
5552,uttarakhand,2018,4,udham singh nagar,200079
5553,uttarakhand,2018,4,nainital,98591
5554,uttarakhand,2018,4,pauri garhwal,45898
5555,uttarakhand,2018,4,tehri garhwal,30089
5556,uttarakhand,2018,4,almora,26282
5557,uttarakhand,2018,4,pithoragarh,21378
5558,uttarakhand,2018,4,chamoli,18391
5559,uttarakhand,2018,4,uttarkashi,14114
5560,uttarakhand,2019,1,dehradun,369578
5561,uttarakhand,2019,1,haridwar,262411
5562,uttarakhand,2019,1,udham singh nagar,238514
5563,uttarakhand,2019,1,nainital,118824
5564,uttarakhand,2019,1,pauri garhwal,56173
5565,uttarakhand,2019,1,tehri garhwal,37689
5566,uttarakhand,2019,1,almora,33092
5567,uttarakhand,2019,1,pithoragarh,26621
5568,uttarakhand,2019,1,chamoli,23274
5569,uttarakhand,2019,1,uttarkashi,17873
5570,uttarakhand,2019,2,dehradun,428353
5571,uttarakhand,2019,2,haridwar,299436
5572,uttarakhand,2019,2,udham singh nagar,266958
5573,uttarakhand,2019,2,nainital,137114
5574,uttarakhand,2019,2,pauri garhwal,65607
5575,uttarakhand,2019,2,tehri garhwal,45652
5576,uttarakhand,2019,2,almora,39593
5577,uttarakhand,2019,2,pithoragarh,32308
5578,uttarakhand,2019,2,chamoli,28063
5579,uttarakhand,2019,2,uttarkashi,21969
5580,uttarakhand,2019,3,dehradun,486157
5581,uttarakhand,2019,3,haridwar,334619
5582,uttarakhand,2019,3,udham singh nagar,292858
5583,uttarakhand,2019,3,nainital,153561
5584,uttarakhand,2019,3,pauri garhwal,73363
5585,uttarakhand,2019,3,tehri garhwal,52090
5586,uttarakhand,2019,3,almora,44182
5587,uttarakhand,2019,3,pithoragarh,36353
5588,uttarakhand,2019,3,chamoli,32036
5589,uttarakhand,2019,3,uttarkashi,25151
5590,uttarakhand,2019,4,dehradun,537026
5591,uttarakhand,2019,4,haridwar,368737
5592,uttarakhand,2019,4,udham singh nagar,319839
5593,uttarakhand,2019,4,nainital,169212
5594,uttarakhand,2019,4,pauri garhwal,81489
5595,uttarakhand,2019,4,tehri garhwal,58542
5596,uttarakhand,2019,4,almora,49664
5597,uttarakhand,2019,4,pithoragarh,40980
5598,uttarakhand,2019,4,chamoli,35948
5599,uttarakhand,2019,4,uttarkashi,28653
5600,uttarakhand,2020,1,dehradun,593420
5601,uttarakhand,2020,1,haridwar,408768
5602,uttarakhand,2020,1,udham singh nagar,351112
5603,uttarakhand,2020,1,nainital,186948
5604,uttarakhand,2020,1,pauri garhwal,90270
5605,uttarakhand,2020,1,tehri garhwal,66293
5606,uttarakhand,2020,1,almora,55964
5607,uttarakhand,2020,1,pithoragarh,46554
5608,uttarakhand,2020,1,chamoli,40668
5609,uttarakhand,2020,1,uttarkashi,32713
5610,uttarakhand,2020,2,dehradun,649026
5611,uttarakhand,2020,2,haridwar,448939
5612,uttarakhand,2020,2,udham singh nagar,383547
5613,uttarakhand,2020,2,nainital,206076
5614,uttarakhand,2020,2,pauri garhwal,101276
5615,uttarakhand,2020,2,tehri garhwal,75996
5616,uttarakhand,2020,2,almora,64523
5617,uttarakhand,2020,2,pithoragarh,53375
5618,uttarakhand,2020,2,chamoli,46467
5619,uttarakhand,2020,2,uttarkashi,37671
5620,uttarakhand,2020,3,dehradun,711303
5621,uttarakhand,2020,3,haridwar,491252
5622,uttarakhand,2020,3,udham singh nagar,418390
5623,uttarakhand,2020,3,nainital,227497
5624,uttarakhand,2020,3,pauri garhwal,112287
5625,uttarakhand,2020,3,tehri garhwal,85276
5626,uttarakhand,2020,3,almora,72829
5627,uttarakhand,2020,3,pithoragarh,60279
5628,uttarakhand,2020,3,chamoli,52184
5629,uttarakhand,2020,3,uttarkashi,42144
5630,uttarakhand,2020,4,dehradun,779564
5631,uttarakhand,2020,4,haridwar,537058
5632,uttarakhand,2020,4,udham singh nagar,456356
5633,uttarakhand,2020,4,nainital,249856
5634,uttarakhand,2020,4,pauri garhwal,123892
5635,uttarakhand,2020,4,tehri garhwal,94520
5636,uttarakhand,2020,4,almora,81020
5637,uttarakhand,2020,4,pithoragarh,67024
5638,uttarakhand,2020,4,chamoli,58039
5639,uttarakhand,2020,4,uttarkashi,46810
5640,uttarakhand,2021,1,dehradun,840361
5641,uttarakhand,2021,1,haridwar,580532
5642,uttarakhand,2021,1,udham singh nagar,492646
5643,uttarakhand,2021,1,nainital,269308
5644,uttarakhand,2021,1,pauri garhwal,133484
5645,uttarakhand,2021,1,tehri garhwal,102085
5646,uttarakhand,2021,1,almora,87354
5647,uttarakhand,2021,1,pithoragarh,72579
5648,uttarakhand,2021,1,chamoli,62779
5649,uttarakhand,2021,1,uttarkashi,50696
5650,uttarakhand,2021,2,dehradun,898504
5651,uttarakhand,2021,2,haridwar,622292
5652,uttarakhand,2021,2,udham singh nagar,528392
5653,uttarakhand,2021,2,nainital,288162
5654,uttarakhand,2021,2,pauri garhwal,143460
5655,uttarakhand,2021,2,tehri garhwal,109890
5656,uttarakhand,2021,2,almora,94196
5657,uttarakhand,2021,2,pithoragarh,78079
5658,uttarakhand,2021,2,chamoli,67712
5659,uttarakhand,2021,2,uttarkashi,54582
5660,uttarakhand,2021,3,dehradun,963594
5661,uttarakhand,2021,3,haridwar,669249
5662,uttarakhand,2021,3,udham singh nagar,568881
5663,uttarakhand,2021,3,nainital,309820
5664,uttarakhand,2021,3,pauri garhwal,155054
5665,uttarakhand,2021,3,tehri garhwal,119032
5666,uttarakhand,2021,3,almora,102118
5667,uttarakhand,2021,3,pithoragarh,84476
5668,uttarakhand,2021,3,chamoli,73432
5669,uttarakhand,2021,3,uttarkashi,59174
5670,uttarakhand,2021,4,dehradun,1028085
5671,uttarakhand,2021,4,haridwar,716044
5672,uttarakhand,2021,4,udham singh nagar,609138
5673,uttarakhand,2021,4,nainital,330999
5674,uttarakhand,2021,4,pauri garhwal,166482
5675,uttarakhand,2021,4,tehri garhwal,127893
5676,uttarakhand,2021,4,almora,109803
5677,uttarakhand,2021,4,pithoragarh,90791
5678,uttarakhand,2021,4,chamoli,78848
5679,uttarakhand,2021,4,uttarkashi,63536
5680,uttarakhand,2022,1,dehradun,1088710
5681,uttarakhand,2022,1,haridwar,760173
5682,uttarakhand,2022,1,udham singh nagar,647495
5683,uttarakhand,2022,1,nainital,351226
5684,uttarakhand,2022,1,pauri garhwal,177248
5685,uttarakhand,2022,1,tehri garhwal,136364
5686,uttarakhand,2022,1,almora,117262
5687,uttarakhand,2022,1,pithoragarh,96837
5688,uttarakhand,2022,1,chamoli,84165
5689,uttarakhand,2022,1,uttarkashi,67713
5690,uttarakhand,2022,2,dehradun,1146386
5691,uttarakhand,2022,2,haridwar,802321
5692,uttarakhand,2022,2,udham singh nagar,683908
5693,uttarakhand,2022,2,nainital,370360
5694,uttarakhand,2022,2,pauri garhwal,187078
5695,uttarakhand,2022,2,tehri garhwal,144049
5696,uttarakhand,2022,2,almora,123856
5697,uttarakhand,2022,2,pithoragarh,102347
5698,uttarakhand,2022,2,chamoli,88939
5699,uttarakhand,2022,2,uttarkashi,71641
5700,uttarakhand,2022,3,dehradun,1205785
5701,uttarakhand,2022,3,haridwar,846066
5702,uttarakhand,2022,3,udham singh nagar,722008
5703,uttarakhand,2022,3,nainital,389791
5704,uttarakhand,2022,3,pauri garhwal,196481
5705,uttarakhand,2022,3,tehri garhwal,151445
5706,uttarakhand,2022,3,almora,129898
5707,uttarakhand,2022,3,pithoragarh,107498
5708,uttarakhand,2022,3,chamoli,93488
5709,uttarakhand,2022,3,uttarkashi,75369
5710,uttarakhand,2022,4,dehradun,1262999
5711,uttarakhand,2022,4,haridwar,887967
5712,uttarakhand,2022,4,udham singh nagar,757652
5713,uttarakhand,2022,4,nainital,407806
5714,uttarakhand,2022,4,pauri garhwal,204585
5715,uttarakhand,2022,4,tehri garhwal,157634
5716,uttarakhand,2022,4,almora,134730
5717,uttarakhand,2022,4,pithoragarh,111983
5718,uttarakhand,2022,4,chamoli,97308
5719,uttarakhand,2022,4,uttarkashi,78484
5720,west-bengal,2018,1,north twenty four parganas,396980
5721,west-bengal,2018,1,kolkata,306503
5722,west-bengal,2018,1,murshidabad,187824
5723,west-bengal,2018,1,hooghly,148033
5724,west-bengal,2018,1,south twenty four parganas,142473
5725,west-bengal,2018,1,paschim bardhaman,139310
5726,west-bengal,2018,1,howrah,136589
5727,west-bengal,2018,1,nadia,136396
5728,west-bengal,2018,1,purba medinipur,131380
5729,west-bengal,2018,1,paschim medinipur,127203
5730,west-bengal,2018,2,north twenty four parganas,572438
5731,west-bengal,2018,2,kolkata,431481
5732,west-bengal,2018,2,murshidabad,276931
5733,west-bengal,2018,2,hooghly,221090
5734,west-bengal,2018,2,south twenty four parganas,214056
5735,west-bengal,2018,2,nadia,209683
5736,west-bengal,2018,2,paschim bardhaman,203750
5737,west-bengal,2018,2,howrah,198699
5738,west-bengal,2018,2,purba medinipur,195830
5739,west-bengal,2018,2,paschim medinipur,185542
5740,west-bengal,2018,3,north twenty four parganas,722572
5741,west-bengal,2018,3,kolkata,548600
5742,west-bengal,2018,3,murshidabad,335935
5743,west-bengal,2018,3,south twenty four parganas,284988
5744,west-bengal,2018,3,hooghly,280640
5745,west-bengal,2018,3,nadia,262694
5746,west-bengal,2018,3,howrah,255445
5747,west-bengal,2018,3,purba medinipur,252759
5748,west-bengal,2018,3,paschim bardhaman,251021
5749,west-bengal,2018,3,paschim medinipur,238405
5750,west-bengal,2018,4,north twenty four parganas,946634
5751,west-bengal,2018,4,kolkata,721653
5752,west-bengal,2018,4,murshidabad,417114
5753,west-bengal,2018,4,hooghly,400360
5754,west-bengal,2018,4,south twenty four parganas,398349
5755,west-bengal,2018,4,howrah,339192
5756,west-bengal,2018,4,nadia,325690
5757,west-bengal,2018,4,purba medinipur,323889
5758,west-bengal,2018,4,paschim medinipur,304068
5759,west-bengal,2018,4,paschim bardhaman,302594
5760,west-bengal,2019,1,north twenty four parganas,1130983
5761,west-bengal,2019,1,kolkata,868126
5762,west-bengal,2019,1,south twenty four parganas,487180
5763,west-bengal,2019,1,hooghly,480952
5764,west-bengal,2019,1,murshidabad,478812
5765,west-bengal,2019,1,howrah,410583
5766,west-bengal,2019,1,purba medinipur,389583
5767,west-bengal,2019,1,nadia,385179
5768,west-bengal,2019,1,paschim medinipur,361979
5769,west-bengal,2019,1,paschim bardhaman,349928
5770,west-bengal,2019,2,north twenty four parganas,1312362
5771,west-bengal,2019,2,kolkata,1014406
5772,west-bengal,2019,2,south twenty four parganas,579599
5773,west-bengal,2019,2,hooghly,557946
5774,west-bengal,2019,2,murshidabad,548604
5775,west-bengal,2019,2,howrah,480813
5776,west-bengal,2019,2,purba medinipur,448850
5777,west-bengal,2019,2,nadia,447979
5778,west-bengal,2019,2,paschim medinipur,411877
5779,west-bengal,2019,2,paschim bardhaman,395259
5780,west-bengal,2019,3,north twenty four parganas,1478650
5781,west-bengal,2019,3,kolkata,1138965
5782,west-bengal,2019,3,south twenty four parganas,659919
5783,west-bengal,2019,3,hooghly,624518
5784,west-bengal,2019,3,murshidabad,622422
5785,west-bengal,2019,3,howrah,540552
5786,west-bengal,2019,3,purba medinipur,504142
5787,west-bengal,2019,3,nadia,502635
5788,west-bengal,2019,3,paschim medinipur,455417
5789,west-bengal,2019,3,paschim bardhaman,438438
5790,west-bengal,2019,4,north twenty four parganas,1638605
5791,west-bengal,2019,4,kolkata,1238698
5792,west-bengal,2019,4,murshidabad,750671
5793,west-bengal,2019,4,south twenty four parganas,741375
5794,west-bengal,2019,4,hooghly,694972
5795,west-bengal,2019,4,howrah,597553
5796,west-bengal,2019,4,purba medinipur,573088
5797,west-bengal,2019,4,nadia,571859
5798,west-bengal,2019,4,paschim medinipur,520047
5799,west-bengal,2019,4,paschim bardhaman,492425
5800,west-bengal,2020,1,north twenty four parganas,1789973
5801,west-bengal,2020,1,kolkata,1336585
5802,west-bengal,2020,1,murshidabad,830132
5803,west-bengal,2020,1,south twenty four parganas,820857
5804,west-bengal,2020,1,hooghly,755631
5805,west-bengal,2020,1,howrah,654600
5806,west-bengal,2020,1,nadia,633794
5807,west-bengal,2020,1,purba medinipur,632173
5808,west-bengal,2020,1,paschim medinipur,572195
5809,west-bengal,2020,1,paschim bardhaman,538224
5810,west-bengal,2020,2,north twenty four parganas,1966125
5811,west-bengal,2020,2,kolkata,1454772
5812,west-bengal,2020,2,murshidabad,922312
5813,west-bengal,2020,2,south twenty four parganas,919118
5814,west-bengal,2020,2,hooghly,833240
5815,west-bengal,2020,2,howrah,732829
5816,west-bengal,2020,2,nadia,701101
5817,west-bengal,2020,2,purba medinipur,696243
5818,west-bengal,2020,2,paschim medinipur,631931
5819,west-bengal,2020,2,purba bardhaman,589508
5820,west-bengal,2020,3,north twenty four parganas,2143943
5821,west-bengal,2020,3,kolkata,1573291
5822,west-bengal,2020,3,south twenty four parganas,1023020
5823,west-bengal,2020,3,murshidabad,1005986
5824,west-bengal,2020,3,hooghly,906517
5825,west-bengal,2020,3,howrah,804627
5826,west-bengal,2020,3,nadia,768633
5827,west-bengal,2020,3,purba medinipur,760873
5828,west-bengal,2020,3,paschim medinipur,689466
5829,west-bengal,2020,3,purba bardhaman,639938
5830,west-bengal,2020,4,north twenty four parganas,2321888
5831,west-bengal,2020,4,kolkata,1700474
5832,west-bengal,2020,4,south twenty four parganas,1118649
5833,west-bengal,2020,4,murshidabad,1085899
5834,west-bengal,2020,4,hooghly,977339
5835,west-bengal,2020,4,howrah,875172
5836,west-bengal,2020,4,nadia,832891
5837,west-bengal,2020,4,purba medinipur,824961
5838,west-bengal,2020,4,paschim medinipur,747114
5839,west-bengal,2020,4,paschim bardhaman,688685
5840,west-bengal,2021,1,north twenty four parganas,2491076
5841,west-bengal,2021,1,kolkata,1823074
5842,west-bengal,2021,1,south twenty four parganas,1202229
5843,west-bengal,2021,1,murshidabad,1166975
5844,west-bengal,2021,1,hooghly,1046242
5845,west-bengal,2021,1,howrah,940133
5846,west-bengal,2021,1,nadia,893107
5847,west-bengal,2021,1,purba medinipur,884605
5848,west-bengal,2021,1,paschim medinipur,800530
5849,west-bengal,2021,1,paschim bardhaman,738540
5850,west-bengal,2021,2,north twenty four parganas,2660664
5851,west-bengal,2021,2,kolkata,1944113
5852,west-bengal,2021,2,south twenty four parganas,1286588
5853,west-bengal,2021,2,murshidabad,1248602
5854,west-bengal,2021,2,hooghly,1117731
5855,west-bengal,2021,2,howrah,1004570
5856,west-bengal,2021,2,nadia,955428
5857,west-bengal,2021,2,purba medinipur,946277
5858,west-bengal,2021,2,paschim medinipur,856640
5859,west-bengal,2021,2,paschim bardhaman,789026
5860,west-bengal,2021,3,north twenty four parganas,2852030
5861,west-bengal,2021,3,kolkata,2078360
5862,west-bengal,2021,3,south twenty four parganas,1383020
5863,west-bengal,2021,3,murshidabad,1342984
5864,west-bengal,2021,3,hooghly,1198858
5865,west-bengal,2021,3,howrah,1077467
5866,west-bengal,2021,3,nadia,1026795
5867,west-bengal,2021,3,purba medinipur,1017925
5868,west-bengal,2021,3,paschim medinipur,922218
5869,west-bengal,2021,3,purba bardhaman,847622
5870,west-bengal,2021,4,north twenty four parganas,3043008
5871,west-bengal,2021,4,kolkata,2213659
5872,west-bengal,2021,4,south twenty four parganas,1477679
5873,west-bengal,2021,4,murshidabad,1435266
5874,west-bengal,2021,4,hooghly,1278850
5875,west-bengal,2021,4,howrah,1150144
5876,west-bengal,2021,4,nadia,1096767
5877,west-bengal,2021,4,purba medinipur,1087362
5878,west-bengal,2021,4,paschim medinipur,985745
5879,west-bengal,2021,4,purba bardhaman,905950
5880,west-bengal,2022,1,north twenty four parganas,3224459
5881,west-bengal,2022,1,kolkata,2340343
5882,west-bengal,2022,1,south twenty four parganas,1569037
5883,west-bengal,2022,1,murshidabad,1524507
5884,west-bengal,2022,1,hooghly,1356282
5885,west-bengal,2022,1,howrah,1218931
5886,west-bengal,2022,1,nadia,1164783
5887,west-bengal,2022,1,purba medinipur,1155279
5888,west-bengal,2022,1,paschim medinipur,1048100
5889,west-bengal,2022,1,purba bardhaman,962974
5890,west-bengal,2022,2,north twenty four parganas,3397791
5891,west-bengal,2022,2,kolkata,2461795
5892,west-bengal,2022,2,south twenty four parganas,1655743
5893,west-bengal,2022,2,murshidabad,1608797
5894,west-bengal,2022,2,hooghly,1429378
5895,west-bengal,2022,2,howrah,1285159
5896,west-bengal,2022,2,nadia,1229358
5897,west-bengal,2022,2,purba medinipur,1219530
5898,west-bengal,2022,2,paschim medinipur,1105840
5899,west-bengal,2022,2,purba bardhaman,1016127
5900,west-bengal,2022,3,north twenty four parganas,3578500
5901,west-bengal,2022,3,kolkata,2588380
5902,west-bengal,2022,3,south twenty four parganas,1745822
5903,west-bengal,2022,3,murshidabad,1696729
5904,west-bengal,2022,3,hooghly,1506412
5905,west-bengal,2022,3,howrah,1354886
5906,west-bengal,2022,3,nadia,1296764
5907,west-bengal,2022,3,purba medinipur,1286641
5908,west-bengal,2022,3,paschim medinipur,1165076
5909,west-bengal,2022,3,purba bardhaman,1070637
5910,west-bengal,2022,4,north twenty four parganas,3755017
5911,west-bengal,2022,4,kolkata,2716412
5912,west-bengal,2022,4,south twenty four parganas,1828512
5913,west-bengal,2022,4,murshidabad,1778470
5914,west-bengal,2022,4,hooghly,1579023
5915,west-bengal,2022,4,howrah,1422011
5916,west-bengal,2022,4,nadia,1359420
5917,west-bengal,2022,4,purba medinipur,1346908
5918,west-bengal,2022,4,paschim medinipur,1217113
5919,west-bengal,2022,4,purba bardhaman,1119310
